-101.000000	100.000000	-91.180490	
-100.778424	100.221576	-91.180490	
-100.556847	100.000000	-91.199838	
-100.326247	99.673753	-91.224150	
-100.000000	99.172171	-91.260293	
-99.913915	99.086085	-91.267810	
-99.827829	99.000000	-91.275327	
-99.462934	98.537066	-91.311470	
-99.054037	98.000000	-91.352771	
-99.032708	97.967292	-91.355130	
-99.000000	97.914536	-91.358861	
-98.584689	97.415311	-91.398790	
-98.245920	97.000000	-91.431721	
-98.143502	96.856498	-91.442460	
-98.000000	96.649061	-91.457782	
-97.699939	96.300061	-91.486120	
-97.445253	96.000000	-91.510340	
-97.253679	95.746321	-91.529780	
-97.000000	95.403141	-91.555839	
-96.811377	95.188623	-91.573440	
-96.647032	95.000000	-91.588851	
-96.362393	94.637607	-91.617100	
-96.000000	94.168931	-91.653384	
-95.920271	94.079729	-91.660760	
-95.849496	94.000000	-91.667331	
-95.469682	93.530318	-91.704420	
-95.045964	93.000000	-91.746073	
-95.026438	92.973562	-91.748080	
-95.000000	92.937191	-91.750822	
-94.575744	92.424256	-91.791740	
-94.228173	92.000000	-91.825438	
-94.129516	91.870484	-91.835400	
-94.000000	91.698262	-91.848574	
-93.680781	91.319219	-91.879060	
-93.414029	91.000000	-91.904649	
-93.232478	90.767522	-91.922730	
-93.000000	90.466665	-91.946015	
-92.784945	90.215055	-91.966390	
-92.602320	90.000000	-91.983753	
-92.335155	89.664845	-92.010050	
-92.000000	89.240648	-92.043203	
-91.888362	89.111638	-92.053710	
-91.792284	89.000000	-92.062779	
-91.437481	88.562519	-92.097370	
-91.000000	88.018999	-92.140200	
-90.991137	88.008863	-92.141030	
-90.983422	88.000000	-92.141754	
-90.539439	87.460561	-92.184690	
-90.162842	87.000000	-92.221240	
-90.091619	86.908381	-92.228350	
-90.000000	86.789572	-92.237537	
-89.641045	86.358955	-92.272010	
-89.343523	86.000000	-92.300672	
-89.191918	85.808082	-92.315670	
-89.000000	85.563403	-92.334732	
-88.742312	85.257688	-92.359330	
-88.526193	85.000000	-92.380021	
-88.292149	84.707851	-92.403000	
-88.000000	84.340876	-92.431777	
-87.843262	84.156738	-92.446660	
-87.710439	84.000000	-92.459302	
-87.392267	83.607733	-92.490320	
-87.000000	83.121405	-92.528679	
-86.943914	83.056086	-92.533980	
-86.895948	83.000000	-92.538523	
-86.492247	82.507753	-92.577640	
-86.077908	82.000000	-92.617899	
-86.043648	81.956352	-92.621300	
-86.000000	81.900415	-92.625648	
-85.592076	81.407924	-92.664960	
-85.255721	81.000000	-92.697455	
-85.142519	80.857481	-92.708620	
-85.000000	80.677088	-92.722718	
-84.691752	80.308248	-92.752280	
-84.435194	80.000000	-92.776939	
-84.241393	79.758607	-92.795940	
-84.000000	79.456467	-92.819676	
-83.791272	79.208728	-92.839610	
-83.616068	79.000000	-92.856372	
-83.340238	78.659762	-92.883270	
-83.000000	78.238206	-92.916530	
-82.890639	78.109361	-92.926930	
-82.798132	78.000000	-92.935744	
-82.439032	77.560968	-92.970590	
-82.000000	77.022015	-93.013289	
-81.989856	77.010144	-93.014250	
-81.981214	77.000000	-93.015070	
-81.537762	76.462238	-93.057910	
-81.158020	76.000000	-93.094671	
-81.087948	75.912052	-93.101570	
-81.000000	75.801190	-93.110250	
-80.636421	75.363579	-93.145230	
-80.335395	75.000000	-93.174247	
-80.185949	74.814051	-93.188890	
-80.000000	74.581757	-93.207150	
-79.735001	74.264999	-93.232550	
-79.514015	74.000000	-93.253768	
-79.283958	73.716042	-93.276210	
-79.000000	73.364251	-93.303973	
-78.833499	73.166501	-93.319880	
-78.693727	73.000000	-93.333252	
-78.381958	72.618042	-93.363540	
-78.000000	72.148472	-93.400718	
-77.931913	72.068087	-93.407200	
-77.874403	72.000000	-93.412684	
-77.479937	71.520063	-93.450860	
-77.053866	71.000000	-93.492168	
-77.029955	70.970045	-93.494520	
-77.000000	70.932384	-93.497472	
-76.577885	70.422115	-93.538180	
-76.229745	70.000000	-93.571809	
-76.127344	69.872656	-93.581840	
-76.000000	69.713754	-93.594337	
-75.675796	69.324204	-93.625500	
-75.406737	69.000000	-93.651402	
-75.224760	68.775240	-93.669160	
-75.000000	68.496755	-93.691132	
-74.773665	68.226335	-93.712820	
-74.584730	68.000000	-93.730955	
-74.322187	67.677813	-93.756490	
-74.000000	67.281242	-93.787871	
-73.871487	67.128513	-93.800150	
-73.763622	67.000000	-93.810470	
-73.419617	66.580383	-93.843810	
-73.000000	66.067087	-93.884541	
-72.969261	66.030739	-93.887470	
-72.943328	66.000000	-93.889944	
-72.517039	65.482961	-93.931130	
-72.119907	65.000000	-93.969555	
-72.066455	64.933545	-93.974790	
-72.000000	64.850680	-93.981309	
-71.614448	64.385552	-94.018450	
-71.295664	64.000000	-94.049201	
-71.163426	63.836574	-94.062110	
-71.000000	63.634041	-94.078088	
-70.711839	63.288161	-94.105770	
-70.472338	63.000000	-94.128808	
-70.260420	62.739580	-94.149430	
-70.000000	62.418706	-94.174809	
-69.809207	62.190793	-94.193090	
-69.649850	62.000000	-94.208381	
-69.357430	61.642570	-94.236760	
-69.000000	61.204578	-94.271488	
-68.906549	61.093451	-94.280420	
-68.828130	61.000000	-94.287924	
-68.454446	60.545554	-94.324080	
-68.006918	60.000000	-94.367438	
-68.003834	59.996166	-94.367740	
-68.000000	59.991387	-94.368116	
-67.551464	59.448536	-94.411400	
-67.181700	59.000000	-94.447127	
-67.100458	58.899542	-94.455060	
-67.000000	58.775012	-94.464883	
-66.648479	58.351521	-94.498720	
-66.357328	58.000000	-94.526779	
-66.197113	57.802887	-94.542380	
-66.000000	57.559802	-94.561599	
-65.745485	57.254515	-94.586040	
-65.533738	57.000000	-94.606397	
-65.293790	56.706210	-94.629700	
-65.000000	56.345677	-94.658268	
-64.842480	56.157520	-94.673360	
-64.710870	56.000000	-94.685986	
-64.390484	55.609516	-94.717030	
-64.000000	55.132566	-94.754902	
-63.939461	55.060539	-94.760690	
-63.888674	55.000000	-94.765550	
-63.487188	54.512812	-94.804350	
-63.065460	54.000000	-94.845152	
-63.036200	53.963800	-94.848010	
-63.000000	53.918915	-94.851550	
-62.583898	53.416102	-94.891670	
-62.240236	53.000000	-94.924841	
-62.132580	52.867420	-94.935330	
-62.000000	52.703793	-94.948262	
-61.680610	52.319390	-94.978990	
-61.415742	52.000000	-95.004499	
-61.228988	51.771012	-95.022650	
-61.000000	51.489659	-95.044932	
-60.777321	51.222679	-95.066310	
-60.591929	51.000000	-95.084126	
-60.325417	50.674583	-95.109970	
-60.000000	50.276452	-95.141567	
-59.874027	50.125973	-95.153640	
-59.768754	50.000000	-95.163736	
-59.421863	49.578137	-95.197300	
-59.000000	49.064118	-95.238161	
-58.970727	49.029273	-95.240960	
-58.946175	49.000000	-95.243310	
-58.518322	48.481678	-95.284620	
-58.121444	48.000000	-95.322978	
-58.067048	47.932952	-95.328280	
-58.000000	47.850148	-95.334823	
-57.614789	47.385211	-95.371940	
-57.296195	47.000000	-95.402668	
-57.163232	46.836768	-95.415600	
-57.000000	46.635996	-95.431492	
-56.711262	46.288738	-95.459260	
-56.471590	46.000000	-95.482330	
-56.259441	45.740559	-95.502920	
-56.000000	45.422700	-95.528125	
-55.807738	45.192262	-95.546580	
-55.647589	45.000000	-95.561966	
-55.355672	44.644328	-95.590240	
-55.000000	44.210213	-95.624730	
-54.904214	44.095786	-95.633910	
-54.824158	44.000000	-95.641587	
-54.451919	43.548081	-95.677570	
-54.001239	43.000000	-95.721176	
-54.000684	42.999316	-95.721230	
-54.000000	42.998470	-95.721297	
-53.548179	42.451821	-95.764890	
-53.175349	42.000000	-95.800894	
-53.096680	41.903320	-95.808550	
-53.000000	41.784296	-95.817968	
-52.644450	41.355550	-95.852210	
-52.350068	41.000000	-95.880586	
-52.192704	40.807296	-95.895870	
-52.000000	40.570917	-95.914604	
-51.740729	40.259271	-95.939530	
-51.525361	40.000000	-95.960253	
-51.288750	39.711250	-95.983190	
-51.000000	39.358292	-96.011207	
-50.837013	39.162987	-96.026850	
-50.701199	39.000000	-96.039899	
-50.384817	38.615183	-96.070520	
-50.000000	38.146385	-96.107789	
-49.933301	38.066699	-96.114180	
-49.877552	38.000000	-96.119526	
-49.480900	37.519100	-96.157840	
-49.053398	37.000000	-96.199169	
-49.029454	36.970546	-96.201500	
-49.000000	36.934257	-96.204370	
-48.576998	36.423002	-96.245160	
-48.227533	36.000000	-96.278886	
-48.125317	35.874683	-96.288820	
-48.000000	35.720800	-96.301010	
-47.673106	35.326894	-96.332480	
-47.402215	35.000000	-96.358579	
-47.221206	34.778794	-96.376140	
-47.000000	34.508050	-96.397619	
-46.769224	34.230776	-96.419800	
-46.577418	34.000000	-96.438250	
-46.317117	33.682883	-96.463460	
-46.000000	33.295975	-96.494198	
-45.865350	33.134650	-96.507120	
-45.753115	33.000000	-96.517901	
-45.413046	32.586954	-96.550790	
-45.000000	32.084544	-96.590759	
-44.961480	32.038520	-96.594450	
-44.929284	32.000000	-96.597537	
-44.508993	31.491007	-96.638110	
-44.104120	31.000000	-96.677224	
-44.057372	30.942628	-96.681770	
-44.000000	30.872112	-96.687354	
-43.604953	30.395047	-96.725430	
-43.278268	30.000000	-96.756941	
-43.153123	29.846877	-96.769090	
-43.000000	29.659248	-96.783967	
-42.700925	29.299075	-96.812750	
-42.452913	29.000000	-96.836636	
-42.248898	28.751102	-96.856410	
-42.000000	28.447021	-96.880553	
-41.796908	28.203092	-96.900070	
-41.628033	28.000000	-96.916310	
-41.344693	27.655307	-96.943730	
-41.000000	27.235404	-96.977112	
-40.892899	27.107101	-96.987390	
-40.803608	27.000000	-96.995966	
-40.440507	26.559493	-97.031060	
-40.000000	26.024371	-97.073656	
-39.988897	26.011103	-97.074720	
-39.979616	26.000000	-97.075610	
-39.536337	25.463663	-97.118380	
-39.153614	25.000000	-97.155333	
-39.084571	24.915429	-97.162040	
-39.000000	24.811695	-97.170261	
-38.632180	24.367820	-97.205700	
-38.327766	24.000000	-97.235050	
-38.180226	23.819774	-97.249360	
-38.000000	23.599330	-97.266853	
-37.728037	23.271963	-97.293020	
-37.502375	23.000000	-97.314746	
-37.275902	22.724098	-97.336680	
-37.000000	22.387544	-97.363420	
-36.823903	22.176097	-97.380340	
-36.677421	22.000000	-97.394424	
-36.371599	21.628401	-97.424000	
-36.000000	21.176314	-97.459970	
-35.919779	21.080221	-97.467670	
-35.852887	21.000000	-97.474093	
-35.467312	20.532688	-97.511330	
-35.028333	20.000000	-97.553753	
-35.015605	19.984395	-97.554990	
-35.000000	19.965236	-97.556508	
-34.563041	19.436959	-97.598650	
-34.202046	19.000000	-97.633489	
-34.111154	18.888846	-97.642310	
-34.000000	18.752745	-97.653105	
-33.658785	18.341215	-97.685970	
-33.376198	18.000000	-97.713205	
-33.206724	17.793276	-97.729630	
-33.000000	17.540805	-97.749678	
-32.754541	17.245459	-97.773290	
-32.550772	17.000000	-97.792903	
-32.302316	16.697684	-97.816950	
-32.000000	16.329395	-97.846229	
-31.850307	16.149693	-97.860610	
-31.725751	16.000000	-97.872584	
-31.397926	15.602074	-97.904270	
-31.000000	15.118497	-97.942765	
-30.946084	15.053916	-97.947940	
-30.901119	15.000000	-97.952257	
-30.493552	14.506448	-97.991600	
-30.075811	14.000000	-98.031950	
-30.041726	13.958274	-98.035260	
-30.000000	13.907135	-98.039314	
-29.589194	13.410806	-98.078920	
-29.249552	13.000000	-98.111685	
-29.137202	12.862798	-98.122580	
-29.000000	12.695054	-98.135894	
-28.684850	12.315150	-98.166240	
-28.423700	12.000000	-98.191401	
-28.232699	11.767301	-98.209900	
-28.000000	11.483480	-98.232451	
-27.780518	11.219482	-98.253560	
-27.598240	11.000000	-98.271101	
-27.328215	10.671785	-98.297220	
-27.000000	10.272396	-98.328987	
-26.876198	10.123802	-98.340880	
-26.773158	10.000000	-98.350786	
-26.423750	9.576250	-98.384550	
-26.000000	9.061785	-98.425512	
-25.971887	9.028113	-98.428210	
-25.948439	9.000000	-98.430461	
-25.519300	8.480700	-98.471870	
-25.122480	8.000000	-98.510183	
-25.067370	7.932630	-98.515530	
-25.000000	7.850183	-98.522071	
-24.614866	7.385134	-98.559190	
-24.296243	7.000000	-98.589916	
-24.162782	6.837218	-98.602850	
-24.000000	6.638458	-98.618635	
-23.710444	6.289556	-98.646510	
-23.470385	6.000000	-98.669633	
-23.258214	5.741786	-98.690170	
-23.000000	5.427204	-98.715178	
-22.806036	5.193964	-98.733830	
-22.644892	5.000000	-98.749334	
-22.353664	4.646336	-98.777490	
-22.000000	4.216403	-98.811702	
-21.901638	4.098362	-98.821150	
-21.819754	4.000000	-98.829021	
-21.449132	3.550868	-98.864820	
-21.000000	3.006043	-98.908216	
-20.997250	3.002750	-98.908480	
-20.994957	3.000000	-98.908700	
-20.544615	2.455385	-98.952140	
-20.168431	2.000000	-98.988446	
-20.092594	1.907406	-98.995800	
-20.000000	1.794235	-99.004784	
-19.640112	1.359888	-99.039460	
-19.342210	1.000000	-99.068179	
-19.187949	0.812051	-99.083120	
-19.000000	0.582823	-99.101334	
-18.735623	0.264377	-99.126780	
-18.516344	0.000000	-99.147896	
-18.283324	-0.283324	-99.170440	
-18.000000	-0.628152	-99.197865	
-17.831146	-0.831146	-99.214100	
-17.690821	-1.000000	-99.227599	
-17.378715	-1.378715	-99.257760	
-17.000000	-1.838702	-99.294378	
-16.926680	-1.926680	-99.301420	
-16.865631	-2.000000	-99.307288	
-16.474123	-2.474123	-99.345090	
-16.040293	-3.000000	-99.386991	
-16.022160	-3.022160	-99.388750	
-16.000000	-3.049270	-99.390901	
-15.569546	-3.569546	-99.432410	
-15.213740	-4.000000	-99.466738	
-15.117445	-4.117445	-99.476070	
-15.000000	-4.260827	-99.487458	
-14.664983	-4.664983	-99.519730	
-14.387532	-5.000000	-99.546470	
-14.212750	-5.212750	-99.563390	
-14.000000	-5.471963	-99.583996	
-13.760433	-5.760433	-99.607050	
-13.561657	-6.000000	-99.626188	
-13.308072	-6.308072	-99.650710	
-13.000000	-6.682690	-99.680516	
-12.855895	-6.855895	-99.694370	
-12.736106	-7.000000	-99.705892	
-12.403411	-7.403411	-99.738030	
-12.000000	-7.893019	-99.777028	
-11.951368	-7.951368	-99.781700	
-11.910868	-8.000000	-99.785591	
-11.498766	-8.498766	-99.825360	
-11.084996	-9.000000	-99.865309	
-11.046723	-9.046723	-99.869020	
-11.000000	-9.103817	-99.873553	
-10.594135	-9.594135	-99.912680	
-10.258472	-10.000000	-99.945055	
-10.141964	-10.141964	-99.956340	
-10.000000	-10.315102	-99.970097	
-9.689517	-10.689517	-100.000000	
-9.432273	-11.000000	-100.024810	
-9.237222	-11.237222	-100.043700	
-9.000000	-11.525992	-100.066633	
-8.784912	-11.784912	-100.087300	
-8.606389	-12.000000	-100.104501	
-8.332497	-12.332497	-100.131000	
-8.000000	-12.736498	-100.163111	
-7.880319	-12.880319	-100.174600	
-7.780810	-13.000000	-100.184179	
-7.427789	-13.427789	-100.218300	
-7.000000	-13.946630	-100.259668	
-6.975737	-13.975737	-100.262000	
-6.955530	-14.000000	-100.263939	
-6.523095	-14.523095	-100.305600	
-6.129182	-15.000000	-100.343655	
-6.070982	-15.070982	-100.349300	
-6.000000	-15.157631	-100.356173	
-5.618415	-15.618415	-100.392900	
-5.302683	-16.000000	-100.423373	
-5.166181	-16.166181	-100.436600	
-5.000000	-16.368673	-100.452711	
-4.713749	-16.713749	-100.480300	
-4.476490	-17.000000	-100.503125	
-4.261398	-17.261398	-100.523900	
-4.000000	-17.579343	-100.549217	
-3.809095	-17.809095	-100.567600	
-3.650597	-18.000000	-100.582869	
-3.356631	-18.356631	-100.611300	
-3.000000	-18.789650	-100.645729	
-2.904452	-18.904452	-100.654900	
-2.824993	-19.000000	-100.662548	
-2.451880	-19.451880	-100.698600	
-2.000000	-19.999605	-100.742183	
-1.999820	-19.999820	-100.742200	
-1.999671	-20.000000	-100.742214	
-1.547142	-20.547142	-100.785900	
-1.172898	-21.000000	-100.822044	
-1.094966	-21.094966	-100.829600	
-1.000000	-21.210786	-100.838790	
-0.642418	-21.642418	-100.873200	
-0.346420	-22.000000	-100.901761	
-0.190128	-22.190128	-100.916900	
0.000000	-22.421610	-100.935282	
0.262293	-22.737707	-100.960500	
0.479768	-23.000000	-100.981466	
0.714693	-23.285307	-101.004200	
1.000000	-23.632081	-101.031822	
1.166991	-23.833009	-101.047900	
1.305671	-24.000000	-101.061227	
1.619499	-24.380501	-101.091500	
2.000000	-24.842210	-101.128305	
2.071679	-24.928321	-101.135200	
2.131300	-25.000000	-101.140925	
2.524290	-25.475710	-101.178800	
2.957072	-26.000000	-101.220624	
2.976412	-26.023588	-101.222500	
3.000000	-26.052380	-101.224789	
3.429066	-26.570934	-101.266200	
3.783816	-27.000000	-101.300374	
3.881300	-27.118700	-101.309800	
4.000000	-27.263347	-101.321308	
4.333830	-27.666170	-101.353500	
4.610275	-28.000000	-101.380169	
4.786172	-28.213828	-101.397200	
5.000000	-28.473973	-101.417865	
5.238582	-28.761418	-101.440800	
5.436459	-29.000000	-101.459873	
5.691028	-29.308972	-101.484500	
6.000000	-29.684265	-101.514334	
6.143322	-29.856678	-101.528100	
6.262373	-30.000000	-101.539566	
6.595869	-30.404131	-101.571800	
7.000000	-30.894232	-101.610878	
7.048050	-30.951950	-101.615500	
7.088024	-31.000000	-101.619338	
7.500695	-31.499305	-101.659100	
7.914207	-32.000000	-101.699051	
7.952875	-32.047125	-101.702800	
8.000000	-32.104599	-101.707360	
8.405509	-32.594491	-101.746400	
8.740922	-33.000000	-101.778778	
8.857794	-33.142206	-101.790100	
9.000000	-33.315368	-101.803882	
9.310309	-33.689691	-101.833800	
9.567367	-34.000000	-101.858537	
9.762697	-34.237303	-101.877400	
10.000000	-34.525814	-101.900378	
10.215098	-34.784902	-101.921100	
10.393548	-35.000000	-101.938259	
10.667585	-35.332415	-101.964700	
11.000000	-35.735943	-101.996861	
11.119875	-35.880125	-102.008400	
11.219472	-36.000000	-102.017991	
11.572458	-36.427542	-102.052100	
12.000000	-36.945762	-102.093335	
12.024642	-36.975358	-102.095700	
12.045144	-37.000000	-102.097673	
12.477318	-37.522682	-102.139400	
12.871701	-38.000000	-102.177406	
12.929550	-38.070450	-102.183000	
13.000000	-38.156306	-102.189831	
13.382165	-38.617835	-102.226700	
13.698390	-39.000000	-102.257220	
13.834497	-39.165503	-102.270400	
14.000000	-39.366897	-102.286397	
14.286999	-39.713001	-102.314000	
14.524821	-40.000000	-102.336935	
14.739428	-40.260572	-102.357700	
15.000000	-40.577179	-102.382923	
15.191821	-40.808179	-102.401400	
15.351001	-41.000000	-102.416704	
15.644346	-41.355654	-102.445000	
16.000000	-41.787158	-102.479399	
16.096633	-41.903367	-102.488700	
16.176934	-42.000000	-102.496414	
16.549249	-42.450751	-102.532300	
17.000000	-42.996843	-102.575862	
17.001434	-42.998566	-102.576000	
17.002628	-43.000000	-102.576115	
17.454139	-43.545861	-102.619700	
17.829525	-44.000000	-102.655867	
17.906419	-44.093581	-102.663300	
18.000000	-44.207549	-102.672370	
18.359016	-44.640984	-102.707000	
18.656191	-45.000000	-102.735610	
18.811392	-45.188608	-102.750600	
19.000000	-45.417974	-102.768865	
19.263882	-45.736118	-102.794300	
19.482611	-46.000000	-102.815390	
19.716350	-46.283650	-102.838000	
20.000000	-46.628106	-102.865385	
20.168736	-46.831264	-102.881600	
20.308790	-47.000000	-102.895094	
20.621294	-47.378706	-102.925300	
21.000000	-47.837949	-102.961835	
21.073580	-47.926420	-102.968900	
21.134734	-48.000000	-102.974788	
21.526225	-48.473775	-103.012600	
21.960767	-49.000000	-103.054586	
21.978456	-49.021544	-103.056300	
22.000000	-49.047803	-103.058384	
22.431143	-49.568857	-103.099900	
22.787655	-50.000000	-103.134321	
22.883467	-50.116533	-103.143600	
23.000000	-50.258364	-103.154865	
23.336049	-50.663951	-103.187200	
23.614302	-51.000000	-103.214045	
23.788464	-51.211536	-103.230900	
24.000000	-51.468638	-103.251379	
24.240943	-51.759057	-103.274600	
24.440712	-52.000000	-103.293815	
24.693447	-52.306553	-103.318200	
25.000000	-52.678631	-103.347856	
25.145826	-52.854174	-103.361900	
25.266891	-53.000000	-103.373563	
25.598415	-53.401585	-103.405600	
26.000000	-53.888348	-103.444332	
26.050699	-53.949301	-103.449200	
26.092844	-54.000000	-103.453257	
26.503372	-54.496628	-103.492900	
26.919210	-55.000000	-103.532978	
26.955648	-55.044352	-103.536500	
27.000000	-55.098374	-103.540799	
27.408316	-55.591684	-103.580200	
27.746070	-56.000000	-103.612803	
27.860681	-56.139319	-103.623900	
28.000000	-56.308784	-103.637363	
28.313249	-56.686751	-103.667500	
28.572698	-57.000000	-103.692527	
28.765700	-57.234300	-103.711200	
29.000000	-57.518919	-103.733825	
29.218170	-57.781830	-103.754800	
29.399100	-58.000000	-103.772241	
29.670705	-58.329295	-103.798500	
30.000000	-58.728785	-103.830348	
30.123080	-58.876920	-103.842200	
30.225280	-59.000000	-103.852022	
30.575698	-59.424302	-103.885800	
31.000000	-59.938386	-103.926807	
31.027980	-59.972020	-103.929500	
31.051242	-60.000000	-103.931734	
31.480678	-60.519322	-103.973100	
31.877915	-61.000000	-104.011465	
31.932995	-61.067005	-104.016800	
32.000000	-61.148571	-104.023293	
32.385646	-61.614354	-104.060500	
32.704750	-62.000000	-104.091227	
32.838048	-62.161952	-104.104100	
33.000000	-62.358840	-104.119781	
33.290603	-62.709397	-104.147800	
33.531362	-63.000000	-104.171021	
33.743088	-63.256912	-104.191500	
34.000000	-63.568846	-104.216302	
34.195549	-63.804451	-104.235100	
34.357757	-64.000000	-104.250734	
34.648115	-64.351885	-104.278800	
35.000000	-64.778593	-104.312747	
35.100485	-64.899515	-104.322400	
35.183937	-65.000000	-104.330438	
35.553129	-65.446871	-104.366100	
36.000000	-65.988088	-104.409279	
36.005410	-65.994590	-104.409800	
36.009908	-66.000000	-104.410232	
36.458132	-66.541868	-104.453400	
36.836865	-67.000000	-104.489971	
36.910486	-67.089514	-104.497100	
37.000000	-67.198419	-104.505751	
37.363123	-67.636877	-104.540700	
37.663678	-68.000000	-104.569703	
37.815558	-68.184442	-104.584400	
38.000000	-68.408559	-104.602254	
38.268102	-68.731898	-104.628100	
38.490275	-69.000000	-104.649476	
38.720618	-69.279382	-104.671700	
39.000000	-69.618445	-104.698726	
39.173071	-69.826929	-104.715400	
39.316663	-70.000000	-104.729206	
39.625665	-70.374335	-104.759000	
40.000000	-70.828083	-104.795187	
40.078030	-70.921970	-104.802700	
40.142845	-71.000000	-104.808942	
40.530699	-71.469301	-104.846400	
40.969044	-72.000000	-104.888650	
40.983009	-72.016991	-104.890000	
41.000000	-72.037678	-104.891647	
41.435722	-72.564278	-104.933700	
41.796046	-73.000000	-104.968408	
41.888112	-73.111888	-104.977300	
42.000000	-73.247944	-104.988135	
42.340734	-73.659266	-105.021000	
42.622836	-74.000000	-105.048218	
42.793202	-74.206798	-105.064700	
43.000000	-74.457963	-105.084667	
43.245736	-74.754264	-105.108300	
43.449421	-75.000000	-105.127940	
43.698280	-75.301720	-105.152000	
44.000000	-75.667738	-105.181180	
44.150726	-75.849274	-105.195700	
44.275802	-76.000000	-105.207725	
44.603346	-76.396654	-105.239300	
45.000000	-76.877275	-105.277637	
45.055707	-76.944293	-105.283000	
45.101986	-77.000000	-105.287447	
45.508399	-77.491601	-105.326600	
45.928466	-78.000000	-105.367174	
45.960744	-78.039256	-105.370300	
46.000000	-78.087024	-105.374103	
46.413442	-78.586558	-105.414000	
46.755440	-79.000000	-105.446937	
46.865864	-79.134136	-105.457600	
47.000000	-79.297168	-105.470586	
47.318473	-79.681527	-105.501300	
47.582212	-80.000000	-105.526684	
47.770971	-80.229029	-105.544900	
48.000000	-80.507074	-105.567059	
48.223494	-80.776506	-105.588600	
48.408784	-81.000000	-105.606464	
48.676066	-81.323934	-105.632300	
49.000000	-81.716746	-105.663550	
49.128506	-81.871494	-105.675900	
49.235162	-82.000000	-105.686177	
49.581149	-82.418851	-105.719600	
50.000000	-82.926188	-105.759982	
50.033507	-82.966493	-105.763200	
50.061347	-83.000000	-105.765881	
50.486221	-83.513779	-105.806900	
50.888087	-84.000000	-105.845709	
50.938599	-84.061401	-105.850600	
51.000000	-84.136081	-105.856533	
51.391281	-84.608719	-105.894200	
51.715037	-85.000000	-105.925447	
51.843734	-85.156266	-105.937900	
52.000000	-85.346112	-105.952990	
52.296331	-85.703669	-105.981500	
52.541792	-86.000000	-106.005176	
52.748857	-86.251143	-106.025200	
53.000000	-86.555913	-106.049493	
53.201371	-86.798629	-106.068900	
53.368353	-87.000000	-106.084960	
53.653968	-87.346032	-106.112500	
54.000000	-87.765488	-106.145952	
54.106401	-87.893599	-106.156200	
54.194726	-88.000000	-106.164710	
54.559067	-88.440933	-106.199900	
55.000000	-88.974841	-106.242403	
55.011422	-88.988578	-106.243500	
55.020913	-89.000000	-106.244414	
55.464155	-89.535845	-106.287200	
55.847898	-90.000000	-106.324168	
55.916565	-90.083435	-106.330800	
56.000000	-90.184868	-106.338879	
56.369233	-90.630767	-106.374500	
56.674825	-91.000000	-106.403990	
56.821714	-91.178286	-106.418200	
57.000000	-91.394793	-106.435413	
57.274301	-91.725699	-106.461800	
57.501563	-92.000000	-106.483718	
57.726852	-92.273148	-106.505500	
58.000000	-92.604495	-106.531856	
58.179359	-92.820641	-106.549100	
58.328115	-93.000000	-106.563439	
58.631978	-93.368022	-106.592800	
59.000000	-93.813980	-106.628371	
59.084406	-93.915594	-106.636500	
59.154483	-94.000000	-106.643235	
59.537093	-94.462907	-106.680100	
59.980793	-95.000000	-106.722961	
59.989461	-95.010539	-106.723800	
60.000000	-95.023359	-106.724818	
60.442198	-95.557802	-106.767400	
60.807886	-96.000000	-106.802705	
60.894636	-96.105364	-106.811100	
61.000000	-96.233402	-106.821300	
61.347291	-96.652709	-106.854800	
61.634792	-97.000000	-106.882477	
61.799799	-97.200201	-106.898400	
62.000000	-97.443226	-106.917769	
62.252375	-97.747625	-106.942100	
62.461515	-98.000000	-106.962268	
62.704950	-98.295050	-106.985800	
63.000000	-98.652837	-107.014264	
63.157449	-98.842551	-107.029400	
63.288058	-99.000000	-107.041988	
63.610091	-99.389909	-107.073100	
64.000000	-99.862236	-107.110693	
64.062514	-99.937486	-107.116700	
64.114424	-100.000000	-107.121700	
64.515221	-100.484779	-107.160400	
64.940975	-101.000000	-107.201521	
64.967618	-101.032382	-107.204100	
65.000000	-101.071757	-107.207229	
65.420340	-101.579660	-107.247700	
65.768042	-102.000000	-107.281263	
65.872806	-102.127194	-107.291400	
66.000000	-102.281698	-107.303682	
66.325449	-102.674551	-107.335000	
66.594929	-103.000000	-107.360998	
66.777982	-103.222018	-107.378700	
67.000000	-103.491429	-107.400175	
67.230548	-103.769452	-107.422400	
67.421638	-104.000000	-107.440783	
67.683147	-104.316853	-107.466000	
68.000000	-104.700953	-107.496632	
68.135638	-104.864362	-107.509700	
68.248172	-105.000000	-107.520520	
68.588301	-105.411699	-107.553300	
69.000000	-105.910272	-107.593079	
69.040719	-105.959281	-107.597000	
69.074535	-106.000000	-107.600257	
69.493444	-106.506556	-107.640700	
69.901314	-107.000000	-107.679997	
69.945870	-107.054130	-107.684300	
70.000000	-107.119924	-107.689541	
70.398578	-107.601422	-107.728000	
70.728358	-108.000000	-107.759756	
70.851069	-108.148931	-107.771600	
71.000000	-108.329770	-107.786011	
71.303701	-108.696299	-107.815300	
71.555226	-109.000000	-107.839563	
71.756257	-109.243743	-107.859000	
72.000000	-109.539414	-107.882518	
72.208815	-109.791185	-107.902600	
72.381923	-110.000000	-107.919290	
72.661435	-110.338565	-107.946300	
73.000000	-110.748856	-107.979025	
73.113920	-110.886080	-107.990000	
73.208449	-111.000000	-107.999088	
73.566602	-111.433398	-108.033600	
74.000000	-111.958100	-108.075469	
74.019016	-111.980984	-108.077300	
74.034809	-112.000000	-108.078818	
74.471758	-112.528242	-108.120900	
74.861802	-113.000000	-108.158561	
74.924210	-113.075790	-108.164600	
75.000000	-113.167875	-108.171936	
75.376905	-113.623095	-108.208300	
75.688824	-114.000000	-108.238333	
75.829421	-114.170579	-108.251900	
76.000000	-114.377633	-108.268403	
76.282042	-114.717958	-108.295600	
76.515676	-115.000000	-108.318083	
76.734620	-115.265380	-108.339200	
77.000000	-115.587192	-108.364860	
77.187170	-115.812830	-108.382900	
77.342360	-116.000000	-108.397861	
77.639809	-116.360191	-108.426600	
78.000000	-116.796558	-108.461330	
78.092289	-116.907711	-108.470200	
78.168880	-117.000000	-108.477580	
78.544988	-117.455012	-108.513900	
78.995265	-118.000000	-108.557294	
78.997403	-118.002597	-108.557500	
79.000000	-118.005755	-108.557751	
79.450158	-118.549842	-108.601200	
79.822432	-119.000000	-108.637140	
79.902634	-119.097366	-108.644900	
80.000000	-119.215623	-108.654301	
80.355317	-119.644683	-108.688500	
80.649433	-120.000000	-108.716880	
80.807856	-120.192144	-108.732200	
81.000000	-120.425296	-108.750743	
81.260467	-120.739533	-108.775800	
81.476269	-121.000000	-108.796613	
81.713066	-121.286934	-108.819500	
82.000000	-121.634777	-108.847240	
82.165608	-121.834392	-108.863200	
82.302943	-122.000000	-108.876408	
82.618267	-122.381733	-108.906800	
83.000000	-122.844070	-108.943686	
83.070740	-122.929260	-108.950500	
83.129456	-123.000000	-108.956157	
83.523457	-123.476543	-108.994200	
83.956054	-124.000000	-109.035884	
83.975897	-124.024103	-109.037800	
84.000000	-124.053396	-109.040133	
84.428638	-124.571362	-109.081500	
84.783198	-125.000000	-109.115647	
84.881139	-125.118861	-109.125100	
85.000000	-125.263178	-109.136601	
85.333810	-125.666190	-109.168800	
85.610179	-126.000000	-109.195465	
85.786370	-126.213630	-109.212500	
86.000000	-126.472771	-109.233113	
86.238972	-126.761028	-109.256100	
86.437000	-127.000000	-109.275197	
86.691591	-127.308409	-109.299800	
87.000000	-127.682178	-109.329543	
87.144126	-127.855874	-109.343400	
87.263664	-128.000000	-109.354922	
87.596802	-128.403198	-109.387100	
88.000000	-128.891402	-109.426054	
88.049270	-128.950730	-109.430800	
88.090171	-129.000000	-109.434731	
88.502004	-129.497996	-109.474400	
88.916970	-130.000000	-109.514472	
88.954467	-130.045533	-109.518100	
89.000000	-130.100850	-109.522497	
89.407196	-130.592804	-109.561700	
89.744091	-131.000000	-109.594217	
89.859718	-131.140282	-109.605400	
90.000000	-131.310551	-109.618971	
90.312379	-131.687621	-109.649100	
90.571054	-132.000000	-109.673998	
90.764959	-132.235041	-109.692700	
91.000000	-132.520068	-109.715427	
91.217553	-132.782447	-109.736400	
91.397861	-133.000000	-109.753787	
91.670190	-133.329810	-109.780100	
92.000000	-133.729405	-109.811902	
92.122718	-133.877282	-109.823700	
92.224515	-134.000000	-109.833511	
92.575412	-134.424588	-109.867400	
93.000000	-134.938564	-109.908321	
93.027875	-134.972125	-109.911000	
93.051018	-135.000000	-109.913229	
93.480624	-135.519376	-109.954700	
93.878007	-136.000000	-109.993069	
93.933109	-136.066891	-109.998400	
94.000000	-136.148127	-110.004858	
94.385827	-136.614173	-110.042000	
94.705107	-137.000000	-110.072813	
94.838370	-137.161630	-110.085700	
95.000000	-137.357750	-110.101298	
95.291020	-137.708980	-110.129300	
95.532053	-138.000000	-110.152551	
95.743620	-138.256380	-110.173000	
96.000000	-138.567197	-110.197786	
96.196205	-138.803795	-110.216700	
96.358847	-139.000000	-110.232346	
96.648861	-139.351139	-110.260300	
97.000000	-139.776467	-110.294232	
97.101382	-139.898618	-110.304000	
97.185492	-140.000000	-110.312087	
97.554092	-140.445908	-110.347600	
98.000000	-140.985564	-110.390669	
98.006550	-140.993450	-110.391300	
98.011989	-141.000000	-110.391824	
98.459314	-141.540686	-110.435000	
98.839160	-142.000000	-110.471587	
98.911821	-142.088179	-110.478600	
99.000000	-142.195235	-110.487132	
99.364527	-142.635473	-110.522300	
99.666240	-143.000000	-110.551348	
99.817090	-143.182910	-110.565900	
100.000000	-143.404786	-110.583589	
100.269731	-143.730269	-110.609600	
100.493169	-144.000000	-110.631151	
100.722349	-144.277651	-110.653300	
101.000000	-144.614164	-110.680078	
101.174927	-144.825073	-110.696900	
101.319952	-145.000000	-110.710882	
101.627598	-145.372402	-110.740600	
102.000000	-145.823372	-110.776581	
102.080114	-145.919886	-110.784300	
102.146588	-146.000000	-110.790691	
102.532839	-146.467161	-110.827900	
102.973214	-147.000000	-110.870429	
102.985311	-147.014689	-110.871600	
103.000000	-147.032532	-110.873018	
103.438071	-147.561929	-110.915200	
103.800423	-148.000000	-110.950178	
103.890598	-148.109402	-110.958900	
104.000000	-148.242184	-110.969483	
104.343293	-148.656707	-111.002600	
104.627483	-149.000000	-111.029958	
104.795875	-149.204125	-111.046200	
105.000000	-149.451666	-111.065938	
105.248507	-149.751493	-111.089900	
105.454398	-150.000000	-111.109712	
105.701143	-150.298857	-111.133500	
106.000000	-150.660980	-111.162385	
106.153713	-150.846287	-111.177200	
106.281169	-151.000000	-111.189487	
106.606401	-151.393599	-111.220900	
107.000000	-151.870126	-111.258838	
107.058911	-151.941089	-111.264500	
107.107798	-152.000000	-111.269211	
107.511650	-152.488350	-111.308200	
107.934605	-153.000000	-111.348949	
107.964144	-153.035856	-111.351800	
108.000000	-153.079399	-111.355270	
108.416891	-153.583109	-111.395500	
108.761791	-154.000000	-111.428790	
108.869438	-154.130562	-111.439200	
109.000000	-154.288982	-111.451800	
109.322123	-154.677877	-111.482800	
109.588834	-155.000000	-111.508532	
109.774723	-155.225277	-111.526500	
110.000000	-155.498398	-111.548230	
110.227347	-155.772653	-111.570100	
110.415735	-156.000000	-111.588268	
110.679998	-156.320002	-111.613800	
111.000000	-156.707650	-111.644724	
111.132562	-156.867438	-111.657500	
111.242494	-157.000000	-111.668073	
111.585265	-157.414735	-111.701100	
112.000000	-157.916739	-111.741162	
112.037769	-157.962231	-111.744800	
112.069116	-158.000000	-111.747820	
112.490522	-158.509478	-111.788500	
112.896095	-159.000000	-111.827570	
112.943036	-159.056964	-111.832100	
113.000000	-159.126119	-111.837611	
113.395772	-159.604228	-111.875800	
113.723261	-160.000000	-111.907334	
113.848337	-160.151663	-111.919400	
114.000000	-160.335635	-111.934067	
114.301013	-160.698987	-111.963100	
114.550287	-161.000000	-111.987148	
114.753629	-161.246371	-112.006800	
115.000000	-161.544988	-112.030561	
115.206246	-161.793754	-112.050400	
115.377174	-162.000000	-112.066882	
115.658913	-162.341087	-112.094100	
116.000000	-162.754181	-112.126982	
116.111470	-162.888530	-112.137700	
116.203924	-163.000000	-112.146611	
116.564187	-163.435813	-112.181400	
117.000000	-163.963217	-112.223493	
117.016687	-163.983313	-112.225100	
117.030538	-164.000000	-112.226431	
117.469454	-164.530546	-112.268700	
117.857681	-165.000000	-112.306181	
117.921985	-165.078015	-112.312400	
118.000000	-165.172699	-112.319930	
118.374711	-165.625289	-112.356000	
118.684828	-166.000000	-112.385927	
118.827294	-166.172706	-112.399700	
119.000000	-166.382150	-112.416400	
119.279960	-166.720040	-112.443400	
119.511837	-167.000000	-112.465716	
119.732594	-167.267406	-112.487000	
120.000000	-167.591444	-112.512846	
120.185202	-167.814798	-112.530700	
120.338711	-168.000000	-112.545502	
120.637884	-168.362116	-112.574400	
121.000000	-168.800581	-112.609305	
121.090435	-168.909565	-112.618000	
121.165451	-169.000000	-112.625230	
121.543166	-169.456834	-112.661700	
121.992096	-170.000000	-112.704955	
121.995666	-170.004334	-112.705300	
122.000000	-170.009596	-112.705719	
122.448440	-170.551560	-112.749000	
122.819359	-171.000000	-112.784806	
122.900990	-171.099010	-112.792700	
123.000000	-171.219144	-112.802255	
123.353706	-171.646294	-112.836300	
123.646487	-172.000000	-112.864551	
123.806305	-172.193695	-112.880000	
124.000000	-172.428534	-112.898684	
124.258963	-172.741037	-112.923600	
124.473482	-173.000000	-112.944291	
124.711612	-173.288388	-112.967300	
125.000000	-173.637771	-112.995171	
125.164213	-173.835787	-113.011000	
125.300343	-174.000000	-113.024095	
125.616910	-174.383090	-113.054600	
126.000000	-174.846854	-113.091608	
126.069455	-174.930545	-113.098300	
126.127074	-175.000000	-113.103840	
126.522199	-175.477801	-113.141900	
126.953883	-176.000000	-113.183585	
126.974717	-176.025283	-113.185600	
127.000000	-176.055975	-113.188046	
127.427480	-176.572520	-113.229300	
127.781126	-177.000000	-113.263357	
127.880048	-177.119952	-113.272900	
128.000000	-177.265460	-113.284501	
128.332753	-177.667247	-113.316600	
128.608236	-178.000000	-113.343119	
128.785369	-178.214631	-113.360200	
129.000000	-178.474792	-113.380948	
129.238019	-178.761981	-113.403900	
129.435216	-179.000000	-113.422919	
129.690682	-179.309318	-113.447600	
130.000000	-179.683974	-113.477421	
130.143276	-179.856724	-113.491200	
130.262066	-180.000000	-113.502652	
130.595987	-180.404013	-113.534900	
131.000000	-180.893007	-113.573924	
131.048526	-180.951474	-113.578600	
131.088788	-181.000000	-113.582471	
131.501283	-181.498717	-113.622200	
131.915753	-182.000000	-113.662218	
131.953819	-182.046181	-113.665900	
132.000000	-182.102229	-113.670357	
132.406572	-182.593428	-113.709500	
132.742977	-183.000000	-113.741968	
132.859155	-183.140845	-113.753200	
133.000000	-183.311654	-113.766819	
133.311852	-183.688148	-113.796900	
133.570070	-184.000000	-113.821755	
133.764483	-184.235517	-113.840500	
134.000000	-184.520931	-113.863265	
134.217125	-184.782875	-113.884200	
134.397036	-185.000000	-113.901511	
134.669803	-185.330197	-113.927800	
135.000000	-185.730060	-113.959704	
135.122390	-185.877610	-113.971500	
135.223876	-186.000000	-113.981283	
135.575113	-186.424887	-114.015200	
136.000000	-186.939044	-114.056142	
136.027648	-186.972352	-114.058800	
136.050590	-187.000000	-114.061011	
136.480417	-187.519583	-114.102500	
136.877705	-188.000000	-114.140768	
136.932969	-188.067031	-114.146100	
137.000000	-188.148361	-114.152583	
137.385712	-188.614288	-114.189800	
137.704909	-189.000000	-114.220605	
137.838311	-189.161689	-114.233500	
138.000000	-189.357731	-114.249097	
138.291000	-189.709000	-114.277100	
138.531987	-190.000000	-114.300348	
138.743645	-190.256355	-114.320800	
139.000000	-190.566954	-114.345576	
139.196279	-190.803721	-114.364500	
139.358940	-191.000000	-114.380150	
139.648971	-191.351029	-114.408100	
140.000000	-191.776033	-114.442013	
140.101552	-191.898448	-114.451800	
140.185769	-192.000000	-114.459900	
140.554288	-192.445712	-114.495400	
141.000000	-192.984970	-114.538443	
141.006817	-192.993183	-114.539100	
141.012475	-193.000000	-114.539645	
141.459598	-193.540402	-114.582800	
141.839734	-194.000000	-114.619412	
141.912167	-194.087833	-114.626400	
142.000000	-194.194380	-114.634894	
142.364900	-194.635100	-114.670100	
142.666921	-195.000000	-114.699178	
142.817514	-195.182486	-114.713700	
143.000000	-195.403694	-114.731341	
143.270194	-195.729806	-114.757400	
143.493983	-196.000000	-114.778987	
143.722853	-196.277147	-114.801100	
144.000000	-196.612866	-114.827821	
144.175481	-196.824519	-114.844700	
144.320924	-197.000000	-114.858724	
144.628185	-197.371815	-114.888400	
145.000000	-197.821898	-114.924235	
145.080761	-197.919239	-114.932000	
145.147743	-198.000000	-114.938456	
145.533509	-198.466491	-114.975700	
145.974546	-199.000000	-115.018288	
145.986047	-199.013953	-115.019400	
146.000000	-199.030886	-115.020747	
146.438824	-199.561176	-115.063000	
146.801838	-200.000000	-115.098040	
146.891408	-200.108592	-115.106700	
147.000000	-200.240289	-115.117177	
147.344133	-200.655867	-115.150300	
147.629008	-201.000000	-115.177788	
147.796761	-201.203239	-115.194000	
148.000000	-201.449551	-115.213645	
148.249433	-201.750567	-115.237700	
148.456056	-202.000000	-115.257584	
148.702107	-202.297893	-115.281300	
149.000000	-202.658674	-115.310084	
149.154092	-202.845908	-115.342905	
149.280908	-203.000000	-115.369608	
149.604991	-203.395009	-115.438334	
150.000000	-203.876445	-115.520961	
150.055647	-203.944353	-115.534831	
150.101260	-204.000000	-115.546027	
150.505382	-204.494618	-115.646027	
150.918450	-205.000000	-115.746487	
150.955061	-205.044939	-115.755474	
151.000000	-205.100075	-115.766273	
151.403093	-205.596907	-115.883707	
151.730480	-206.000000	-115.976877	
151.851033	-206.148967	-116.011562	
152.000000	-206.332812	-116.053248	
152.297023	-206.702977	-116.155533	
152.535882	-207.000000	-116.235407	
152.742271	-207.257729	-116.305333	
153.000000	-207.578726	-116.389615	
153.185819	-207.814181	-116.465346	
153.333104	-208.000000	-116.523150	
153.627108	-208.372892	-116.640371	
154.000000	-208.843529	-116.782655	
154.068115	-208.931885	-116.815389	
154.121041	-209.000000	-116.839651	
154.503815	-209.496185	-117.018581	
154.895856	-210.000000	-117.192181	
154.941234	-210.058766	-117.212748	
155.000000	-210.134151	-117.237776	
155.370440	-210.629560	-117.439200	
155.651475	-211.000000	-117.582224	
155.801016	-211.198984	-117.660534	
156.000000	-211.459638	-117.757202	
156.226541	-211.773459	-117.898858	
156.393907	-212.000000	-117.995410	
156.649180	-212.350820	-118.147981	
157.000000	-212.821254	-118.339526	
157.073220	-212.926780	-118.391364	
157.125819	-213.000000	-118.425198	
157.486401	-213.513599	-118.667375	
157.840645	-214.000000	-118.881009	
157.906841	-214.093159	-118.922991	
158.000000	-214.219327	-118.975380	
158.315299	-214.684701	-119.208713	
158.540291	-215.000000	-119.355530	
158.727816	-215.272184	-119.485540	
159.000000	-215.646463	-119.649535	
159.140127	-215.859873	-119.761363	
159.238817	-216.000000	-119.829480	
159.544527	-216.455473	-120.056107	
159.937406	-217.000000	-120.304122	
159.962868	-217.037132	-120.321567	
160.000000	-217.087431	-120.342864	
160.362660	-217.637340	-120.623769	
160.625035	-218.000000	-120.793361	
160.776409	-218.223591	-120.900842	
161.000000	-218.524244	-121.030871	
161.188401	-218.811599	-121.179820	
161.326826	-219.000000	-121.269440	
161.598343	-219.401657	-121.464584	
162.000000	-219.931332	-121.696265	
162.027320	-219.972680	-121.717818	
162.047978	-220.000000	-121.730954	
162.434495	-220.565505	-122.006041	
162.774675	-221.000000	-122.196869	
162.867885	-221.132115	-122.256377	
163.000000	-221.295733	-122.321168	
163.290047	-221.709953	-122.521348	
163.527288	-222.000000	-122.648577	
163.725817	-222.274183	-122.770510	
164.000000	-222.598769	-122.897595	
164.168807	-222.831193	-123.008462	
164.314635	-223.000000	-123.082063	
164.608752	-223.391248	-123.252476	
165.000000	-223.829772	-123.421093	
165.073599	-223.926401	-123.466312	
165.141346	-224.000000	-123.498060	
165.519806	-224.480194	-123.701361	
166.000000	-224.985693	-123.890791	
166.006386	-224.993614	-123.894404	
166.012696	-225.000000	-123.897114	
166.461446	-225.538554	-124.116853	
166.930931	-226.000000	-124.283789	
166.962806	-226.037194	-124.297141	
167.000000	-226.072982	-124.307812	
167.435740	-226.564260	-124.498976	
167.912532	-227.000000	-124.649155	
167.954195	-227.045805	-124.664559	
168.000000	-227.086948	-124.675855	
168.444595	-227.555405	-124.847504	
168.969166	-228.000000	-124.990677	
168.984346	-228.015654	-124.995527	
169.000000	-228.028760	-124.998749	
169.490170	-228.509830	-125.162011	
170.000000	-228.910117	-125.279427	
170.046561	-228.953439	-125.295578	
170.109870	-229.000000	-125.311795	
170.575393	-229.424607	-125.442307	
171.000000	-229.733590	-125.521803	
171.143274	-229.856726	-125.563658	
171.354610	-230.000000	-125.608243	
171.703961	-230.296039	-125.688105	
172.000000	-230.496134	-125.730682	
172.280895	-230.719105	-125.797677	
172.729329	-231.000000	-125.871828	
172.880688	-231.119312	-125.898777	
173.000000	-231.194551	-125.910761	
173.464348	-231.535652	-125.997299	
174.000000	-231.847148	-126.061403	
174.090856	-231.909144	-126.079133	
174.260517	-232.000000	-126.102778	
174.700085	-232.299915	-126.162434	
175.000000	-232.462933	-126.184664	
175.329341	-232.670659	-126.231737	
175.990198	-233.000000	-126.292076	
175.996183	-233.003817	-126.292596	
176.000000	-233.005775	-126.292708	
176.626439	-233.373561	-126.350681	
177.000000	-233.548582	-126.367073	
177.293365	-233.706635	-126.396024	
177.980337	-234.000000	-126.436269	
177.993007	-234.006993	-126.436830	
178.000000	-234.010115	-126.436815	
178.657777	-234.342223	-126.468910	
179.000000	-234.481150	-126.472313	
179.355294	-234.644706	-126.491366	
180.000000	-234.882112	-126.505353	
180.083092	-234.916908	-126.510134	
180.331117	-235.000000	-126.517435	
180.796588	-235.203412	-126.519671	
181.000000	-235.275891	-126.514209	
181.518411	-235.481589	-126.518207	
182.000000	-235.637135	-126.509044	
182.266806	-235.733194	-126.511508	
183.000000	-235.948247	-126.501074	
183.039021	-235.960979	-126.501434	
183.185868	-236.000000	-126.499940	
183.789504	-236.210496	-126.477381	
184.000000	-236.271636	-126.464789	
184.553496	-236.446504	-126.444457	
185.000000	-236.564078	-126.419632	
185.339095	-236.660905	-126.407289	
186.000000	-236.818422	-126.372940	
186.144405	-236.855595	-126.367734	
186.815504	-237.000000	-126.335009	
186.958852	-237.041148	-126.323690	
187.000000	-237.051295	-126.319804	
187.752643	-237.247357	-126.260504	
188.000000	-237.302881	-126.237857	
188.563948	-237.436052	-126.193528	
189.000000	-237.525107	-126.154704	
189.391216	-237.608784	-126.124047	
190.000000	-237.721884	-126.071207	
190.233012	-237.766988	-126.053009	
191.000000	-237.896632	-125.987977	
191.087959	-237.912041	-125.981138	
191.659432	-238.000000	-125.933726	
191.940681	-238.059319	-125.901538	
192.000000	-238.070606	-125.894362	
192.778415	-238.221585	-125.805704	
193.000000	-238.260589	-125.779339	
193.627307	-238.372693	-125.708319	
194.000000	-238.433539	-125.664704	
194.486185	-238.513815	-125.610080	
195.000000	-238.591851	-125.550938	
195.353973	-238.646027	-125.511533	
196.000000	-238.737572	-125.438392	
196.229732	-238.770268	-125.413081	
197.000000	-238.872507	-125.327351	
197.112537	-238.887463	-125.315100	
198.000000	-238.998167	-125.218009	
198.001630	-238.998370	-125.217834	
198.015469	-239.000000	-125.216347	
198.861688	-239.138312	-125.104152	
199.000000	-239.159938	-125.085798	
199.726977	-239.273023	-124.990962	
200.000000	-239.313851	-124.955461	
200.597383	-239.402617	-124.878891	
201.000000	-239.460351	-124.827603	
201.472372	-239.527628	-124.768180	
202.000000	-239.600427	-124.702392	
202.351440	-239.648560	-124.659047	
203.000000	-239.734898	-124.579936	
203.234168	-239.765832	-124.551644	
204.000000	-239.864519	-124.460346	
204.120121	-239.879879	-124.446148	
205.000000	-239.989811	-124.343613	
205.009064	-239.990936	-124.342565	
205.083669	-240.000000	-124.334075	
205.872022	-240.127978	-124.233497	
206.000000	-240.148363	-124.217414	
206.735382	-240.264618	-124.125818	
207.000000	-240.305732	-124.093395	
207.601541	-240.398459	-124.020248	
208.000000	-240.458903	-123.972630	
208.470274	-240.529726	-123.916850	
209.000000	-240.608276	-123.855109	
209.341728	-240.658272	-123.815265	
210.000000	-240.753338	-123.740016	
210.215699	-240.784301	-123.715541	
211.000000	-240.895461	-123.628280	
211.091635	-240.908365	-123.618148	
211.750576	-241.000000	-123.546700	
211.962471	-241.037529	-123.522990	
212.000000	-241.044091	-123.518873	
212.814408	-241.185592	-123.430168	
213.000000	-241.217445	-123.410362	
213.668515	-241.331485	-123.339494	
214.000000	-241.387317	-123.305018	
214.524806	-241.475194	-123.250780	
215.000000	-241.553799	-123.202623	
215.383156	-241.616844	-123.164048	
216.000000	-241.717094	-123.103105	
216.243539	-241.756461	-123.079182	
217.000000	-241.877306	-123.006300	
217.105870	-241.894130	-122.996156	
217.779835	-242.000000	-122.932811	
217.964602	-242.035398	-122.916283	
218.000000	-242.042100	-122.913180	
218.806093	-242.193907	-122.842917	
219.000000	-242.229992	-122.826337	
219.649694	-242.350306	-122.771130	
220.000000	-242.414440	-122.741956	
220.495306	-242.504694	-122.700952	
221.000000	-242.595573	-122.659921	
221.342952	-242.657048	-122.632198	
222.000000	-242.773526	-122.580139	
222.192506	-242.807494	-122.564957	
223.000000	-242.948385	-122.502471	
223.043975	-242.956025	-122.499086	
223.299819	-243.000000	-122.479782	
223.882278	-243.117722	-122.441433	
224.000000	-243.141251	-122.433839	
224.716221	-243.283779	-122.387900	
225.000000	-243.339619	-122.370040	
225.552183	-243.447817	-122.335478	
226.000000	-243.534638	-122.308056	
226.390047	-243.609953	-122.284297	
227.000000	-243.726443	-122.247839	
227.229835	-243.770165	-122.234171	
228.000000	-243.915171	-122.189365	
228.071431	-243.928569	-122.185230	
228.456266	-244.000000	-122.163402	
228.904950	-244.095050	-122.143429	
229.000000	-244.114972	-122.139287	
229.732171	-244.267829	-122.107554	
230.000000	-244.323181	-122.096245	
230.561264	-244.438736	-122.072671	
231.000000	-244.528128	-122.054633	
231.392235	-244.607765	-122.038622	
232.000000	-244.729925	-122.014400	
232.225016	-244.774984	-122.005457	
233.000000	-244.928631	-121.975390	
233.059593	-244.940407	-121.973094	
233.364149	-245.000000	-121.961640	
233.886162	-245.113838	-121.948694	
234.000000	-245.138417	-121.945948	
234.709044	-245.290956	-121.928945	
235.000000	-245.352946	-121.922193	
235.533722	-245.466278	-121.909925	
236.000000	-245.564325	-121.899510	
236.360191	-245.639809	-121.891508	
237.000000	-245.772624	-121.877769	
237.188396	-245.811604	-121.873745	
238.000000	-245.977985	-121.857086	
238.018280	-245.981720	-121.856713	
238.108583	-246.000000	-121.854923	
238.838305	-246.161695	-121.849266	
239.000000	-246.197195	-121.848109	
239.658675	-246.341325	-121.843438	
240.000000	-246.415333	-121.841217	
240.480761	-246.519239	-121.838117	
241.000000	-246.630434	-121.835007	
241.304545	-246.695455	-121.833228	
242.000000	-246.842612	-121.829557	
242.129970	-246.870030	-121.828877	
242.751570	-247.000000	-121.825968	
242.954214	-247.045786	-121.827203	
243.000000	-247.056040	-121.827497	
243.771692	-247.228308	-121.832469	
244.000000	-247.278831	-121.834042	
244.590817	-247.409183	-121.838176	
245.000000	-247.498676	-121.841170	
245.411571	-247.588429	-121.844224	
246.000000	-247.715643	-121.848775	
246.233930	-247.766070	-121.850585	
247.000000	-247.929811	-121.856837	
247.057857	-247.942143	-121.857315	
247.331609	-248.000000	-121.859658	
247.876677	-248.123323	-121.869290	
248.000000	-248.150991	-121.871496	
248.693793	-248.306207	-121.884027	
249.000000	-248.374145	-121.889623	
249.512480	-248.487520	-121.898974	
250.000000	-248.594487	-121.907972	
250.332713	-248.667287	-121.914135	
251.000000	-248.812115	-121.926713	
251.154454	-248.845546	-121.929619	
251.873859	-249.000000	-121.943300	
251.976296	-249.023704	-121.949378	
252.000000	-249.029145	-121.950785	
252.790036	-249.209964	-121.997544	
253.000000	-249.257639	-122.009945	
253.605316	-249.394684	-122.045730	
254.000000	-249.483340	-122.069015	
254.422108	-249.577892	-122.093858	
255.000000	-249.706332	-122.127801	
255.240387	-249.759613	-122.141911	
256.000000	-249.926676	-122.186407	
256.060134	-249.939866	-122.189933	
256.336411	-250.000000	-122.206101	
256.878046	-250.121954	-122.258344	
257.000000	-250.149211	-122.270045	
257.695740	-250.304260	-122.336692	
258.000000	-250.371563	-122.365720	
258.514879	-250.485121	-122.414815	
259.000000	-250.591329	-122.460889	
259.335431	-250.664569	-122.492667	
260.000000	-250.808614	-122.555377	
260.157369	-250.842631	-122.570205	
260.890701	-251.000000	-122.639035	
260.980043	-251.019957	-122.648831	
261.000000	-251.024385	-122.651008	
261.798923	-251.201077	-122.738071	
262.000000	-251.245235	-122.759891	
262.619175	-251.380825	-122.826968	
263.000000	-251.463637	-122.868051	
263.440779	-251.559221	-122.915524	
264.000000	-251.679647	-122.975504	
264.263717	-251.736283	-123.003743	
265.000000	-251.893343	-123.082183	
265.087948	-251.912052	-123.091546	
265.504237	-252.000000	-123.135685	
265.911339	-252.088661	-123.186558	
266.000000	-252.107845	-123.197580	
266.733845	-252.266155	-123.288704	
267.000000	-252.323201	-123.321583	
267.557616	-252.442384	-123.390343	
268.000000	-252.536316	-123.444660	
268.382667	-252.617333	-123.491597	
269.000000	-252.747203	-123.566931	
269.208961	-252.791039	-123.592406	
270.000000	-252.955904	-123.688439	
270.036507	-252.963493	-123.692860	
270.213244	-253.000000	-123.714176	
270.863285	-253.136715	-123.806859	
271.000000	-253.165288	-123.826267	
271.690753	-253.309247	-123.924134	
272.000000	-253.373309	-123.967728	
272.519410	-253.480590	-124.040852	
273.000000	-253.579239	-124.108222	
273.349264	-253.650736	-124.157090	
274.000000	-253.783157	-124.247689	
274.180265	-253.819735	-124.272755	
275.000000	-253.985055	-124.386262	
275.012443	-253.987557	-124.387983	
275.074665	-254.000000	-124.396540	
275.845451	-254.154549	-124.521501	
276.000000	-254.185364	-124.546436	
276.679557	-254.320443	-124.655895	
277.000000	-254.383768	-124.707291	
277.514804	-254.485196	-124.789730	
278.000000	-254.580288	-124.867014	
278.351105	-254.648895	-124.922854	
279.000000	-254.774962	-125.025622	
279.188520	-254.811480	-125.055434	
280.000000	-254.967816	-125.183157	
280.026997	-254.973003	-125.187398	
280.168265	-255.000000	-125.209486	
280.868225	-255.131775	-125.337347	
281.000000	-255.156457	-125.361309	
281.710859	-255.289141	-125.490373	
282.000000	-255.342837	-125.542634	
282.554512	-255.445488	-125.642672	
283.000000	-255.527568	-125.722647	
283.399125	-255.600875	-125.794169	
284.000000	-255.710651	-125.901411	
284.244768	-255.755232	-125.945019	
285.000000	-255.892142	-126.078918	
285.091348	-255.908652	-126.095085	
285.599449	-256.000000	-126.184656	
285.940668	-256.059332	-126.253999	
286.000000	-256.069606	-126.266002	
286.793475	-256.206525	-126.426178	
287.000000	-256.242000	-126.467695	
287.647230	-256.352770	-126.597562	
288.000000	-256.412872	-126.668053	
288.501881	-256.498119	-126.768102	
289.000000	-256.582346	-126.866993	
289.357431	-256.642569	-126.937826	
290.000000	-256.750387	-127.064606	
290.213731	-256.786269	-127.106537	
291.000000	-256.917905	-127.259904	
291.070358	-256.929642	-127.273603	
291.493115	-257.000000	-127.355419	
291.930737	-257.069263	-127.451797	
292.000000	-257.080217	-127.466961	
292.794588	-257.205412	-127.640474	
293.000000	-257.237763	-127.685053	
293.658909	-257.341091	-127.827742	
294.000000	-257.394655	-127.901060	
294.523467	-257.476533	-128.013317	
295.000000	-257.551202	-128.114722	
295.388225	-257.611775	-128.197159	
296.000000	-257.707640	-128.325832	
296.252920	-257.747080	-128.378938	
297.000000	-257.864291	-128.534099	
297.117392	-257.882608	-128.558449	
297.863300	-258.000000	-128.711190	
297.982408	-258.017592	-128.738790	
298.000000	-258.020224	-128.742821	
298.853051	-258.146949	-128.937849	
299.000000	-258.169132	-128.970999	
299.722651	-258.277349	-129.133767	
300.000000	-258.319744	-129.195240	
300.590832	-258.409168	-129.326107	
301.000000	-258.472681	-129.415014	
301.457198	-258.542802	-129.514400	
302.000000	-258.628662	-129.629696	
302.321249	-258.678751	-129.698050	
303.000000	-258.788447	-129.838431	
303.182564	-258.817436	-129.876325	
304.000000	-258.953038	-130.040363	
304.040405	-258.959595	-130.048523	
304.277038	-259.000000	-130.094398	
304.901215	-259.098785	-130.234697	
305.000000	-259.115391	-130.256156	
305.760365	-259.239635	-130.422159	
306.000000	-259.281575	-130.472358	
306.614493	-259.385507	-130.602168	
307.000000	-259.455953	-130.679622	
307.462782	-259.537218	-130.773760	
308.000000	-259.639969	-130.876621	
308.304452	-259.695548	-130.935971	
309.000000	-259.835101	-131.061901	
309.138556	-259.861444	-131.087628	
309.796472	-260.000000	-131.199299	
309.967134	-260.032866	-131.234890	
310.000000	-260.039963	-131.241261	
310.798518	-260.201482	-131.399538	
311.000000	-260.247566	-131.436053	
311.620524	-260.379476	-131.552086	
312.000000	-260.471380	-131.615654	
312.432167	-260.567833	-131.691276	
313.000000	-260.713302	-131.777949	
313.232319	-260.767681	-131.815615	
314.000000	-260.975265	-131.920522	
314.019866	-260.980134	-131.923470	
314.089633	-261.000000	-131.931807	
314.813786	-261.186214	-132.055601	
315.000000	-261.242495	-132.082479	
315.596242	-261.403758	-132.175318	
316.000000	-261.532803	-132.225905	
316.363992	-261.636008	-132.276720	
317.000000	-261.850089	-132.343480	
317.115646	-261.884354	-132.357660	
317.443441	-262.000000	-132.385018	
317.866540	-262.133460	-132.446444	
318.000000	-262.184141	-132.461021	
318.613318	-262.386682	-132.538497	
319.000000	-262.540853	-132.571471	
319.341602	-262.658398	-132.607900	
320.000000	-262.932431	-132.647420	
320.049802	-262.950198	-132.651717	
320.165210	-263.000000	-132.655624	
320.768402	-263.231598	-132.720144	
321.000000	-263.340381	-132.733665	
321.471736	-263.528264	-132.773580	
322.000000	-263.785586	-132.789067	
322.152015	-263.847985	-132.798450	
322.455337	-264.000000	-132.798274	
322.832765	-264.167235	-132.828395	
323.000000	-264.258742	-132.832088	
323.508811	-264.491189	-132.860259	
324.000000	-264.767622	-132.855117	
324.158360	-264.841640	-132.859927	
324.434685	-265.000000	-132.847921	
324.809945	-265.190055	-132.864988	
325.000000	-265.309500	-132.860461	
325.454923	-265.545077	-132.869142	
326.000000	-265.893446	-132.836746	
326.069895	-265.930105	-132.836238	
326.178700	-266.000000	-132.825964	
326.701143	-266.298857	-132.828631	
327.000000	-266.510806	-132.805144	
327.310038	-266.689962	-132.797945	
327.746581	-267.000000	-132.747124	
327.902024	-267.097976	-132.745291	
328.000000	-267.174703	-132.735373	
328.505035	-267.494965	-132.714061	
329.000000	-267.881232	-132.643825	
329.072809	-267.927191	-132.638708	
329.167727	-268.000000	-132.621784	
329.659364	-268.340636	-132.590066	
330.000000	-268.630930	-132.531684	
330.218905	-268.781095	-132.511163	
330.482067	-269.000000	-132.456217	
330.777464	-269.222536	-132.429491	
331.000000	-269.428140	-132.383905	
331.328479	-269.671521	-132.344453	
331.695714	-270.000000	-132.255552	
331.863428	-270.136572	-132.235421	
332.000000	-270.272299	-132.202336	
332.405434	-270.594566	-132.141884	
332.830799	-271.000000	-132.023788	
332.921070	-271.078930	-132.009976	
333.000000	-271.162526	-131.987663	
333.453668	-271.546332	-131.906026	
333.905020	-272.000000	-131.764347	
333.954164	-272.045836	-131.755141	
334.000000	-272.097093	-131.740303	
334.476985	-272.523015	-131.639630	
334.931980	-273.000000	-131.480972	
334.966215	-273.033785	-131.473379	
335.000000	-273.073274	-131.461112	
335.479021	-273.520979	-131.346007	
335.922029	-274.000000	-131.178017	
335.960359	-274.039641	-131.168234	
336.000000	-274.087490	-131.152449	
336.463514	-274.536486	-131.029269	
336.884046	-275.000000	-130.859967	
336.940020	-275.059980	-130.844001	
337.000000	-275.133751	-130.818431	
337.434591	-275.565409	-130.694398	
337.826048	-276.000000	-130.531386	
337.909000	-276.091000	-130.505751	
338.000000	-276.203505	-130.465320	
338.396692	-276.603308	-130.347353	
338.755538	-277.000000	-130.197161	
338.871405	-277.128595	-130.159637	
339.000000	-277.286341	-130.101885	
339.354597	-277.645403	-129.995570	
339.679765	-278.000000	-129.862715	
339.831468	-278.168532	-129.812978	
340.000000	-278.371490	-129.738863	
340.312823	-278.687177	-129.647469	
340.605715	-279.000000	-129.534283	
340.793280	-279.206720	-129.474292	
341.000000	-279.449224	-129.388216	
341.275398	-279.724602	-129.312504	
341.539713	-280.000000	-129.218960	
341.760279	-280.239721	-129.152639	
342.000000	-280.512546	-129.061302	
342.245266	-280.754734	-129.000144	
342.486737	-281.000000	-128.924414	
342.734894	-281.265106	-128.856884	
343.000000	-281.557669	-128.767547	
343.224031	-281.775969	-128.718695	
343.449832	-282.000000	-128.658020	
343.718273	-282.281727	-128.594381	
344.000000	-282.583907	-128.513265	
344.212023	-282.787977	-128.474428	
344.429982	-283.000000	-128.426030	
344.710449	-283.289551	-128.370414	
345.000000	-283.592643	-128.301786	
345.208609	-283.791391	-128.271093	
345.426340	-284.000000	-128.232685	
345.710586	-284.289414	-128.187582	
346.000000	-284.586564	-128.133316	
346.212509	-284.787491	-128.109543	
346.436731	-285.000000	-128.079649	
346.717360	-285.282640	-128.045952	
347.000000	-285.568682	-128.006029	
347.222246	-285.777754	-127.988495	
347.458385	-286.000000	-127.966205	
347.729294	-286.270706	-127.943328	
348.000000	-286.541899	-127.916446	
348.236375	-286.763625	-127.904835	
348.488522	-287.000000	-127.889656	
348.745045	-287.254955	-127.876157	
349.000000	-287.508665	-127.860112	
349.253674	-287.746326	-127.854302	
349.524754	-288.000000	-127.845980	
349.763522	-288.236478	-127.840094	
350.000000	-288.470811	-127.832574	
350.275925	-288.724075	-127.855700	
350.577151	-289.000000	-127.880864	
350.792506	-289.207494	-127.899300	
351.000000	-289.407238	-127.917096	
351.308110	-289.691890	-127.943000	
351.642190	-290.000000	-127.971064	
351.824290	-290.175710	-127.986700	
352.000000	-290.345123	-128.001747	
352.339678	-290.660322	-128.030300	
352.706296	-291.000000	-128.061165	
352.855654	-291.144346	-128.074000	
353.000000	-291.283752	-128.086372	
353.370851	-291.629149	-128.117600	
353.769578	-292.000000	-128.151231	
353.886666	-292.113334	-128.161300	
354.000000	-292.222967	-128.171044	
354.401694	-292.598306	-128.205000	
354.832127	-293.000000	-128.241281	
354.917370	-293.082630	-128.248600	
355.000000	-293.162683	-128.255709	
355.432249	-293.567751	-128.292300	
355.894026	-294.000000	-128.331369	
355.947802	-294.052198	-128.336000	
356.000000	-294.102839	-128.340484	
356.462549	-294.537451	-128.379600	
356.955346	-295.000000	-128.421349	
356.977991	-295.022009	-128.423300	
357.000000	-295.043389	-128.425192	
357.492621	-295.507379	-128.466900	
358.000000	-295.984806	-128.509936	
358.007938	-295.992062	-128.510600	
358.016635	-296.000000	-128.511327	
358.522486	-296.477514	-128.554300	
359.000000	-296.927871	-128.594755	
359.037627	-296.962373	-128.597900	
359.078715	-297.000000	-128.601340	
359.552158	-297.447842	-128.641600	
360.000000	-297.871110	-128.679580	
360.067142	-297.932858	-128.685200	
360.140239	-298.000000	-128.691328	
360.581656	-298.418344	-128.728900	
361.000000	-298.814510	-128.764494	
361.096500	-298.903500	-128.772600	
361.201265	-299.000000	-128.781375	
361.610996	-299.389004	-128.816200	
362.000000	-299.758059	-128.849327	
362.125715	-299.874285	-128.859900	
362.261840	-300.000000	-128.871316	
362.640191	-300.359809	-128.903500	
363.000000	-300.701746	-128.934166	
363.154798	-300.845202	-128.947200	
363.322005	-301.000000	-128.961272	
363.669256	-301.330744	-128.990900	
364.000000	-301.645562	-129.019046	
364.183761	-301.816239	-129.034500	
364.381798	-302.000000	-129.051185	
364.698200	-302.301800	-129.078200	
365.000000	-302.589496	-129.103902	
365.212613	-302.787387	-129.121800	
365.441251	-303.000000	-129.141083	
365.727033	-303.272967	-129.165500	
366.000000	-303.533542	-129.188816	
366.241362	-303.758638	-129.209200	
366.500391	-304.000000	-129.231017	
366.755764	-304.244236	-129.252800	
367.000000	-304.477692	-129.273675	
367.270017	-304.729983	-129.296500	
367.559244	-305.000000	-129.320939	
367.784401	-305.215599	-129.340200	
368.000000	-305.421940	-129.358597	
368.298584	-305.701416	-129.383800	
368.617833	-306.000000	-129.410799	
368.812950	-306.187050	-129.427500	
369.000000	-306.366278	-129.443470	
369.327070	-306.672930	-129.471100	
369.676176	-307.000000	-129.500649	
369.841418	-307.158582	-129.514800	
370.000000	-307.310702	-129.528378	
370.355480	-307.644520	-129.558500	
370.734293	-308.000000	-129.590515	
370.869810	-308.130190	-129.602100	
371.000000	-308.255207	-129.613253	
371.383818	-308.616182	-129.645800	
371.792199	-309.000000	-129.680340	
371.898131	-309.101869	-129.689400	
372.000000	-309.199787	-129.698131	
372.412090	-309.587910	-129.733100	
372.849909	-310.000000	-129.770241	
372.926387	-310.073613	-129.776800	
373.000000	-310.144439	-129.783098	
373.440300	-310.559700	-129.820400	
373.907436	-311.000000	-129.860055	
373.954581	-311.045419	-129.864100	
374.000000	-311.089158	-129.867987	
374.468452	-311.531548	-129.907700	
374.964792	-312.000000	-129.949861	
374.982717	-312.017283	-129.951400	
375.000000	-312.033942	-129.952883	
375.496548	-312.503452	-129.995100	
376.000000	-312.979221	-130.037794	
376.010779	-312.989221	-130.038700	
376.022407	-313.000000	-130.039679	
376.524593	-313.475407	-130.082400	
377.000000	-313.925222	-130.122832	
377.038763	-313.961237	-130.126100	
377.080512	-314.000000	-130.129610	
377.552586	-314.447414	-130.169700	
378.000000	-314.871236	-130.207773	
378.066699	-314.933301	-130.213400	
378.138428	-315.000000	-130.219435	
378.580532	-315.419468	-130.257000	
379.000000	-315.817262	-130.292714	
379.094592	-315.905408	-130.300700	
379.196169	-316.000000	-130.309273	
379.608433	-316.391567	-130.344400	
380.000000	-316.763300	-130.377680	
380.122443	-316.877557	-130.388000	
380.253744	-317.000000	-130.399089	
380.636291	-317.363709	-130.431700	
381.000000	-317.709350	-130.462628	
381.150255	-317.849745	-130.475300	
381.311163	-318.000000	-130.488898	
381.664109	-318.335891	-130.519000	
382.000000	-318.655411	-130.547641	
382.178030	-318.821970	-130.562700	
382.368435	-319.000000	-130.578764	
382.691888	-319.308112	-130.606300	
383.000000	-319.601484	-130.632585	
383.205770	-319.794230	-130.650000	
383.425567	-320.000000	-130.668555	
383.719632	-320.280368	-130.693600	
384.000000	-320.547568	-130.717529	
384.233475	-320.766525	-130.737300	
384.482568	-321.000000	-130.758388	
384.747341	-321.252659	-130.781000	
385.000000	-321.493663	-130.802524	
385.261149	-321.738851	-130.824600	
385.539445	-322.000000	-130.848174	
385.775018	-322.224982	-130.868300	
386.000000	-322.439768	-130.887474	
386.288792	-322.711208	-130.911900	
386.596203	-323.000000	-130.937954	
386.802663	-323.197337	-130.955600	
387.000000	-323.385884	-130.972463	
387.316406	-323.683594	-130.999300	
387.652849	-324.000000	-131.027764	
387.830279	-324.169721	-131.042900	
388.000000	-324.332010	-131.057409	
388.343993	-324.656007	-131.086600	
388.709389	-325.000000	-131.117600	
388.857867	-325.142133	-131.130300	
389.000000	-325.278146	-131.142427	
389.371553	-325.628447	-131.173900	
389.765828	-326.000000	-131.207367	
389.885428	-326.114572	-131.217600	
390.000000	-326.224292	-131.227379	
390.399087	-326.600913	-131.261200	
390.822170	-327.000000	-131.297129	
390.912963	-327.087037	-131.304900	
391.000000	-327.170447	-131.312349	
391.426598	-327.573402	-131.348600	
391.878420	-328.000000	-131.386899	
391.940473	-328.059527	-131.392200	
392.000000	-328.116612	-131.397296	
392.454085	-328.545915	-131.435900	
392.934582	-329.000000	-131.476648	
392.967960	-329.032040	-131.479500	
393.000000	-329.062786	-131.482244	
393.481550	-329.518450	-131.523200	
393.990661	-330.000000	-131.566492	
393.995425	-330.004575	-131.566900	
394.000000	-330.008969	-131.567291	
394.508993	-330.491007	-131.610500	
395.000000	-330.955828	-131.652270	
395.022840	-330.977160	-131.654200	
395.047307	-331.000000	-131.656263	
395.536415	-331.463585	-131.697800	
396.000000	-331.902809	-131.737253	
396.050230	-331.949770	-131.741500	
396.103984	-332.000000	-131.746044	
396.563818	-332.436182	-131.785200	
397.000000	-332.849776	-131.822250	
397.077602	-332.922398	-131.828800	
397.160564	-333.000000	-131.835817	
397.591200	-333.408800	-131.872500	
398.000000	-333.796731	-131.907237	
398.104955	-333.895045	-131.916100	
398.217052	-334.000000	-131.925585	
398.618564	-334.381436	-131.959800	
399.000000	-334.743674	-131.992299	
399.132292	-334.867708	-132.003500	
399.273452	-335.000000	-132.015423	
399.645909	-335.354091	-132.047100	
400.000000	-335.690606	-132.077280	
400.159611	-335.840389	-132.090800	
400.329768	-336.000000	-132.105211	
400.673237	-336.326763	-132.134500	
401.000000	-336.637528	-132.162296	
401.186914	-336.813086	-132.178100	
401.386002	-337.000000	-132.194968	
401.700549	-337.299451	-132.221800	
402.000000	-337.584440	-132.247282	
402.214202	-337.785798	-132.265400	
402.442159	-338.000000	-132.284722	
402.727844	-338.272156	-132.309100	
403.000000	-338.531342	-132.332320	
403.241475	-338.758525	-132.352800	
403.498242	-339.000000	-132.374523	
403.755124	-339.244876	-132.396400	
404.000000	-339.478235	-132.417299	
404.268733	-339.731267	-132.440100	
404.554252	-340.000000	-132.464265	
404.782389	-340.217611	-132.483700	
405.000000	-340.425120	-132.502278	
405.295978	-340.704022	-132.527400	
405.610194	-341.000000	-132.554065	
405.809639	-341.190361	-132.571100	
406.000000	-341.371997	-132.587319	
406.323209	-341.676791	-132.614700	
406.666069	-342.000000	-132.643807	
406.836876	-342.163124	-132.658400	
407.000000	-342.318866	-132.672303	
407.350427	-342.649573	-132.702000	
407.721880	-343.000000	-132.733546	
407.864099	-343.135901	-132.745700	
408.000000	-343.265728	-132.757312	
408.377632	-343.622368	-132.789400	
408.777630	-344.000000	-132.823305	
408.891309	-344.108691	-132.833000	
409.000000	-344.212584	-132.842290	
409.404825	-344.595175	-132.876700	
409.833320	-345.000000	-132.913116	
409.918507	-345.081493	-132.920400	
410.000000	-345.159433	-132.927351	
410.432006	-345.567994	-132.964000	
410.888954	-346.000000	-133.002847	
410.945692	-346.054308	-133.007700	
411.000000	-346.106276	-133.012334	
411.459176	-346.540824	-133.051300	
411.944532	-347.000000	-133.092576	
411.972866	-347.027134	-133.095000	
412.000000	-347.053113	-133.097321	
412.486335	-347.513665	-133.138700	
413.000000	-347.999946	-133.182298	
413.000028	-347.999972	-133.182300	
413.000058	-348.000000	-133.182303	
413.513483	-348.486517	-133.226000	
414.000000	-348.947395	-133.267306	
414.027154	-348.972846	-133.269600	
414.056136	-349.000000	-133.272053	
414.540620	-349.459380	-133.313300	
415.000000	-349.894826	-133.352404	
415.054270	-349.945730	-133.357000	
415.112150	-350.000000	-133.361890	
415.567747	-350.432253	-133.400600	
416.000000	-350.842239	-133.437406	
416.081377	-350.918623	-133.444300	
416.168103	-351.000000	-133.451629	
416.594863	-351.405137	-133.487900	
417.000000	-351.789635	-133.522407	
417.108474	-351.891526	-133.531600	
417.223995	-352.000000	-133.541389	
417.621970	-352.378030	-133.575300	
418.000000	-352.737013	-133.607434	
418.135562	-352.864438	-133.618900	
418.279830	-353.000000	-133.631129	
418.649068	-353.350932	-133.662600	
419.000000	-353.684376	-133.692439	
419.162642	-353.837358	-133.706200	
419.335609	-354.000000	-133.720866	
419.676156	-354.323844	-133.749900	
420.000000	-354.631723	-133.777506	
420.189712	-354.810288	-133.793600	
420.391334	-355.000000	-133.810662	
420.703235	-355.296765	-133.837200	
421.000000	-355.579056	-133.862505	
421.216775	-355.783225	-133.880900	
421.447006	-356.000000	-133.900434	
421.730305	-356.269695	-133.924600	
422.000000	-356.526374	-133.947550	
422.243829	-356.756171	-133.968200	
422.502628	-357.000000	-133.990165	
422.757367	-357.242633	-134.011900	
423.000000	-357.473678	-134.032552	
423.270876	-357.729124	-134.055500	
423.558200	-358.000000	-134.079893	
423.784420	-358.215580	-134.099200	
424.000000	-358.420969	-134.117596	
424.297915	-358.702085	-134.142900	
424.613725	-359.000000	-134.169658	
424.811466	-359.188534	-134.186500	
425.000000	-359.368248	-134.202592	
425.324946	-359.675054	-134.230200	
425.669204	-360.000000	-134.259377	
425.838503	-360.161497	-134.273800	
426.000000	-360.315513	-134.287588	
426.351970	-360.648030	-134.317500	
426.724638	-361.000000	-134.349167	
426.865534	-361.134466	-134.361200	
427.000000	-361.262767	-134.372657	
427.378987	-361.621013	-134.404800	
427.780028	-362.000000	-134.438887	
427.892556	-362.107444	-134.448500	
428.000000	-362.210009	-134.457656	
428.405997	-362.594003	-134.492100	
428.835376	-363.000000	-134.528606	
428.919572	-363.080428	-134.535800	
429.000000	-363.157241	-134.542671	
429.433001	-363.566999	-134.579500	
429.890684	-364.000000	-134.618334	
429.946580	-364.053420	-134.623100	
430.000000	-364.104461	-134.627665	
430.459998	-364.540002	-134.666800	
430.945951	-365.000000	-134.708043	
430.973582	-365.026418	-134.710400	
431.000000	-365.051671	-134.712658	
431.486988	-365.513012	-134.754100	
432.000000	-365.998882	-134.797751	
432.000577	-365.999423	-134.797800	
432.001191	-366.000000	-134.797852	
432.513972	-366.486028	-134.841400	
433.000000	-366.946583	-134.882766	
433.027545	-366.972455	-134.885100	
433.056878	-367.000000	-134.887586	
433.540950	-367.459050	-134.928800	
434.000000	-367.894265	-134.967790	
434.054507	-367.945493	-134.972400	
434.112519	-368.000000	-134.977317	
434.567922	-368.432078	-135.016100	
435.000000	-368.841929	-135.052808	
435.081464	-368.918536	-135.059700	
435.168115	-369.000000	-135.067047	
435.594887	-369.405113	-135.103400	
436.000000	-369.789575	-135.137904	
436.108415	-369.891585	-135.147100	
436.223668	-370.000000	-135.156852	
436.621847	-370.378153	-135.190700	
437.000000	-370.737204	-135.222916	
437.135361	-370.864639	-135.234400	
437.279178	-371.000000	-135.246572	
437.648801	-371.351199	-135.278000	
438.000000	-371.684816	-135.307926	
438.162301	-371.837699	-135.321700	
438.334647	-372.000000	-135.336324	
438.675750	-372.324250	-135.365400	
439.000000	-372.632412	-135.392973	
439.189237	-372.810763	-135.409000	
439.390075	-373.000000	-135.426046	
439.702693	-373.297307	-135.452700	
440.000000	-373.579993	-135.477988	
440.216167	-373.783833	-135.496300	
440.445465	-374.000000	-135.515767	
440.729630	-374.270370	-135.540000	
441.000000	-374.527558	-135.563054	
441.243092	-374.756908	-135.583700	
441.500816	-375.000000	-135.605536	
441.756563	-375.243437	-135.627300	
442.000000	-375.475109	-135.648062	
442.270013	-375.729987	-135.671000	
442.556131	-376.000000	-135.695303	
442.783490	-376.216510	-135.714700	
443.000000	-376.422645	-135.733127	
443.296929	-376.703071	-135.758300	
443.611409	-377.000000	-135.785019	
443.810412	-377.189588	-135.802000	
444.000000	-377.370168	-135.818139	
444.323840	-377.676160	-135.845600	
444.666652	-378.000000	-135.874733	
444.837330	-378.162670	-135.889300	
445.000000	-378.317677	-135.903182	
445.350747	-378.649253	-135.933000	
445.721861	-379.000000	-135.964473	
445.864243	-379.135757	-135.976600	
446.000000	-379.265173	-135.988188	
446.377649	-379.622351	-136.020300	
446.777036	-380.000000	-136.054179	
446.891151	-380.108849	-136.063900	
447.000000	-380.212656	-136.073193	
447.404547	-380.595453	-136.107600	
447.832178	-381.000000	-136.143966	
447.918054	-381.081946	-136.151300	
448.000000	-381.160126	-136.158281	
448.431441	-381.568559	-136.194900	
448.887289	-382.000000	-136.233675	
448.944953	-382.055047	-136.238600	
449.000000	-382.107585	-136.243291	
449.458331	-382.541669	-136.282200	
449.942368	-383.000000	-136.323381	
449.971848	-383.028152	-136.325900	
450.000000	-383.055031	-136.328305	
450.485216	-383.514784	-136.369600	
450.997418	-384.000000	-136.413087	
450.998738	-384.001262	-136.413200	
451.000000	-384.002467	-136.413308	
451.512098	-384.487902	-136.456900	
452.000000	-384.950304	-136.498333	
452.025608	-384.974392	-136.500500	
452.052838	-385.000000	-136.502809	
452.538975	-385.461025	-136.544200	
453.000000	-385.898143	-136.583449	
453.052473	-385.947527	-136.587900	
453.108243	-386.000000	-136.592619	
453.565849	-386.434151	-136.631500	
454.000000	-386.845965	-136.668469	
454.079335	-386.920665	-136.675200	
454.163613	-387.000000	-136.682350	
454.592718	-387.407282	-136.718900	
455.000000	-387.793771	-136.753508	
455.106193	-387.893807	-136.762500	
455.218948	-388.000000	-136.772068	
455.619584	-388.380416	-136.806200	
456.000000	-388.741560	-136.838532	
456.133048	-388.866952	-136.849800	
456.274251	-389.000000	-136.861785	
456.646446	-389.353554	-136.893500	
457.000000	-389.689333	-136.923624	
457.159899	-389.840101	-136.937200	
457.329520	-390.000000	-136.951567	
457.673305	-390.326695	-136.980800	
458.000000	-390.637091	-137.008641	
458.186747	-390.813253	-137.024500	
458.384758	-391.000000	-137.041275	
458.700159	-391.299841	-137.068100	
459.000000	-391.584834	-137.093657	
459.213591	-391.786409	-137.111800	
459.439965	-392.000000	-137.131026	
459.727011	-392.272989	-137.155500	
460.000000	-392.532561	-137.178720	
460.240433	-392.759567	-137.199100	
460.495141	-393.000000	-137.220738	
460.753859	-393.246141	-137.242800	
461.000000	-393.480275	-137.263740	
461.267271	-393.732729	-137.286400	
461.550288	-394.000000	-137.310448	
461.780703	-394.219297	-137.330100	
462.000000	-394.427974	-137.348802	
462.294106	-394.705894	-137.373800	
462.605405	-395.000000	-137.400196	
462.807544	-395.192456	-137.417400	
463.000000	-395.375660	-137.433816	
463.320938	-395.679062	-137.461100	
463.660494	-396.000000	-137.489898	
463.834382	-396.165618	-137.504700	
464.000000	-396.323332	-137.518830	
464.347767	-396.652233	-137.548400	
464.715556	-397.000000	-137.579670	
464.861217	-397.138783	-137.592100	
465.000000	-397.270991	-137.603915	
465.374593	-397.625407	-137.635700	
465.770590	-398.000000	-137.669375	
465.888048	-398.111952	-137.679400	
466.000000	-398.218637	-137.688954	
466.401416	-398.598584	-137.723100	
466.825597	-399.000000	-137.759096	
466.914876	-399.085124	-137.766700	
467.000000	-399.166271	-137.773966	
467.428236	-399.571764	-137.810400	
467.880578	-400.000000	-137.848793	
467.941702	-400.058298	-137.854000	
468.000000	-400.113893	-137.858977	
468.455053	-400.544947	-137.897700	
468.935534	-401.000000	-137.938583	
468.968524	-401.031476	-137.941400	
469.000000	-401.061502	-137.944081	
469.481868	-401.518132	-137.985000	
469.990465	-402.000000	-138.028283	
469.995344	-402.004656	-138.028700	
470.000000	-402.009100	-138.029097	
470.508680	-402.491320	-138.072300	
471.000000	-402.956997	-138.114121	
471.022148	-402.977852	-138.116000	
471.045673	-403.000000	-138.117996	
471.535489	-403.464511	-138.159700	
472.000000	-403.904944	-138.199156	
472.048947	-403.951053	-138.203300	
472.100916	-404.000000	-138.207710	
472.562295	-404.437705	-138.247000	
473.000000	-404.852874	-138.284185	
473.075743	-404.924257	-138.290600	
473.156130	-405.000000	-138.297423	
473.589099	-405.410901	-138.334300	
474.000000	-405.800789	-138.369294	
474.102538	-405.897462	-138.378000	
474.211317	-406.000000	-138.387213	
474.615900	-406.384100	-138.421600	
475.000000	-406.748689	-138.454318	
475.129329	-406.870671	-138.465300	
475.266476	-407.000000	-138.476945	
475.642699	-407.357301	-138.509000	
476.000000	-407.696574	-138.539371	
476.156119	-407.843881	-138.552600	
476.321608	-408.000000	-138.566654	
476.669495	-408.330505	-138.596300	
477.000000	-408.644444	-138.624398	
477.182906	-408.817094	-138.639900	
477.376714	-409.000000	-138.656362	
477.696288	-409.303712	-138.683600	
478.000000	-409.592300	-138.709484	
478.209691	-409.790309	-138.727300	
478.431794	-410.000000	-138.746126	
478.723079	-410.276921	-138.770900	
479.000000	-410.540142	-138.794504	
479.236473	-410.763527	-138.814600	
479.486849	-411.000000	-138.835827	
479.749868	-411.250132	-138.858200	
480.000000	-411.487970	-138.879524	
480.263254	-411.736746	-138.901900	
480.541879	-412.000000	-138.925580	
480.776654	-412.223346	-138.945600	
481.000000	-412.435785	-138.964600	
481.290032	-412.709968	-138.989200	
481.596884	-413.000000	-139.015284	
481.803438	-413.196562	-139.032900	
482.000000	-413.383587	-139.049624	
482.316808	-413.683192	-139.076500	
482.651866	-414.000000	-139.104987	
482.830219	-414.169781	-139.120200	
483.000000	-414.331375	-139.134681	
483.343582	-414.656418	-139.163900	
483.706824	-415.000000	-139.194718	
483.856999	-415.143001	-139.207500	
484.000000	-415.279152	-139.219699	
484.370354	-415.629646	-139.251200	
484.761760	-416.000000	-139.284413	
484.883775	-416.116225	-139.294800	
485.000000	-416.226915	-139.304716	
485.397123	-416.602877	-139.338500	
485.816673	-417.000000	-139.374189	
485.910550	-417.089450	-139.382200	
486.000000	-417.174667	-139.389815	
486.423891	-417.576109	-139.425800	
486.871563	-418.000000	-139.463887	
486.937323	-418.062677	-139.469500	
487.000000	-418.122407	-139.474849	
487.450657	-418.549343	-139.513200	
487.926432	-419.000000	-139.553592	
487.964093	-419.035907	-139.556800	
488.000000	-419.070135	-139.559865	
488.477421	-419.522579	-139.600500	
488.981280	-420.000000	-139.643284	
488.990862	-420.009138	-139.644100	
489.000000	-420.017852	-139.644880	
489.504182	-420.495818	-139.687800	
490.000000	-420.965776	-139.730004	
490.017619	-420.982381	-139.731500	
490.036320	-421.000000	-139.733084	
490.530942	-421.469058	-139.775100	
491.000000	-421.913800	-139.815033	
491.044371	-421.955629	-139.818800	
491.091446	-422.000000	-139.822787	
491.557700	-422.442300	-139.862400	
492.000000	-422.861809	-139.900061	
492.071120	-422.928880	-139.906100	
492.146548	-423.000000	-139.912504	
492.584456	-423.415544	-139.949800	
493.000000	-423.809803	-139.985107	
493.097868	-423.902132	-139.993400	
493.201626	-424.000000	-140.002211	
493.611210	-424.388790	-140.037100	
494.000000	-424.757783	-140.070139	
494.124614	-424.875386	-140.080700	
494.256681	-425.000000	-140.091917	
494.637962	-425.362038	-140.124400	
495.000000	-425.705750	-140.155241	
495.151359	-425.848641	-140.168100	
495.311713	-426.000000	-140.181691	
495.664713	-426.335287	-140.211700	
496.000000	-426.653702	-140.240267	
496.178101	-426.821899	-140.255400	
496.366723	-427.000000	-140.271426	
496.691461	-427.308539	-140.299100	
497.000000	-427.601642	-140.325332	
497.204842	-427.795158	-140.342700	
497.421710	-428.000000	-140.361129	
497.718208	-428.281792	-140.386400	
498.000000	-428.549568	-140.410361	
498.231582	-428.768418	-140.430000	
498.476676	-429.000000	-140.450831	
498.744953	-429.255047	-140.473700	
499.000000	-429.497481	-140.495440	
499.258320	-429.741680	-140.517400	
499.531621	-430.000000	-140.540579	
499.771696	-430.228304	-140.561000	
500.000000	-430.445382	-140.580463	
500.285056	-430.714944	-140.604700	
500.586545	-431.000000	-140.630273	
500.798438	-431.201562	-140.648300	
501.000000	-431.393270	-140.665486	
501.311791	-431.688209	-140.692000	
501.641448	-432.000000	-140.720031	
501.825178	-432.174822	-140.735700	
502.000000	-432.341146	-140.750574	
502.338524	-432.661476	-140.779300	
502.696331	-433.000000	-140.809730	
502.851916	-433.148084	-140.823000	
503.000000	-433.289010	-140.835601	
503.365255	-433.634745	-140.866600	
503.751194	-434.000000	-140.899427	
503.878652	-434.121348	-140.910300	
504.000000	-434.236863	-140.920651	
504.391986	-434.608014	-140.954000	
504.806038	-435.000000	-140.989143	
504.905387	-435.094613	-140.997600	
505.000000	-435.184703	-141.005672	
505.418714	-435.581286	-141.041300	
505.860862	-436.000000	-141.078834	
505.932120	-436.067880	-141.084900	
506.000000	-436.132533	-141.090692	
506.445441	-436.554559	-141.128600	
506.915668	-437.000000	-141.168615	
506.958852	-437.041148	-141.172300	
507.000000	-437.080351	-141.175803	
507.472167	-437.527833	-141.215900	
507.970454	-438.000000	-141.258309	
507.985582	-438.014418	-141.259600	
508.000000	-438.028158	-141.260831	
508.498891	-438.501109	-141.303300	
509.000000	-438.976092	-141.345858	
509.012305	-438.987695	-141.346900	
509.025356	-439.000000	-141.348008	
509.525614	-439.474386	-141.390600	
510.000000	-439.924174	-141.430894	
510.039020	-439.960980	-141.434200	
510.080394	-440.000000	-141.437713	
510.552335	-440.447665	-141.477900	
511.000000	-440.872241	-141.516017	
511.065734	-440.934266	-141.521600	
511.135411	-441.000000	-141.527504	
511.579055	-441.420945	-141.565200	
512.000000	-441.820296	-141.601047	
512.092447	-441.907553	-141.608900	
512.190408	-442.000000	-141.617202	
512.605774	-442.394226	-141.652500	
513.000000	-442.768337	-141.686076	
513.119159	-442.880841	-141.696200	
513.245384	-443.000000	-141.706923	
513.632491	-443.367509	-141.739900	
514.000000	-443.716365	-141.771134	
514.145869	-443.854131	-141.783500	
514.300341	-444.000000	-141.796625	
514.659206	-444.340794	-141.827200	
515.000000	-444.664381	-141.856167	
515.172578	-444.827422	-141.870800	
515.355277	-445.000000	-141.886326	
515.685921	-445.314079	-141.914500	
516.000000	-445.612384	-141.941261	
516.199286	-445.800714	-141.958200	
516.410195	-446.000000	-141.976085	
516.712634	-446.287366	-142.001800	
517.000000	-446.560375	-142.026288	
517.225992	-446.774008	-142.045500	
517.465094	-447.000000	-142.065778	
517.739345	-447.260655	-142.089100	
518.000000	-447.508354	-142.111315	
518.252698	-447.747302	-142.132800	
518.519974	-448.000000	-142.155523	
518.766056	-448.233944	-142.176500	
519.000000	-448.456320	-142.196396	
519.279402	-448.720598	-142.220100	
519.574835	-449.000000	-142.245220	
519.792765	-449.207235	-142.263800	
520.000000	-449.404276	-142.281467	
520.306105	-449.693895	-142.307500	
520.629679	-450.000000	-142.334954	
520.819472	-450.180528	-142.351100	
521.000000	-450.352219	-142.366492	
521.332806	-450.667194	-142.394800	
521.684505	-451.000000	-142.424644	
521.846179	-451.153821	-142.438400	
522.000000	-451.300152	-142.451517	
522.359507	-451.640493	-142.482100	
522.739313	-452.000000	-142.514408	
522.872884	-452.127116	-142.525800	
523.000000	-452.248073	-142.536616	
523.386207	-452.613793	-142.569400	
523.794104	-453.000000	-142.604102	
523.899588	-453.100412	-142.613100	
524.000000	-453.195983	-142.621645	
524.412905	-453.587095	-142.656700	
524.848878	-454.000000	-142.693796	
524.926291	-454.073709	-142.700400	
525.000000	-454.143883	-142.706688	
525.439602	-454.560398	-142.744100	
525.903635	-455.000000	-142.783498	
525.952992	-455.047008	-142.787700	
526.000000	-455.091772	-142.791710	
526.466298	-455.533702	-142.831400	
526.958375	-456.000000	-142.873185	
526.979693	-456.020307	-142.875000	
527.000000	-456.039650	-142.876733	
527.492993	-456.507007	-142.918700	
528.000000	-456.987583	-142.961857	
528.006389	-456.993611	-142.962400	
528.013163	-457.000000	-142.962974	
528.519687	-457.480313	-143.006000	
529.000000	-457.935709	-143.046890	
529.033077	-457.966923	-143.049700	
529.068132	-458.000000	-143.052677	
529.546380	-458.453620	-143.093400	
530.000000	-458.883823	-143.131935	
530.059763	-458.940237	-143.137000	
530.123083	-459.000000	-143.142379	
530.573072	-459.426928	-143.180700	
531.000000	-459.831924	-143.216972	
531.086448	-459.913552	-143.224300	
531.178016	-460.000000	-143.232079	
531.599763	-460.400237	-143.268000	
532.000000	-460.780013	-143.302087	
532.113133	-460.886867	-143.311700	
532.232931	-461.000000	-143.321856	
532.626452	-461.373548	-143.355300	
533.000000	-461.728090	-143.387118	
533.139816	-461.860184	-143.399000	
533.287828	-462.000000	-143.411549	
533.653141	-462.346859	-143.442600	
534.000000	-462.676155	-143.472148	
534.166499	-462.833501	-143.486300	
534.342708	-463.000000	-143.501276	
534.679828	-463.320172	-143.530000	
535.000000	-463.624209	-143.557215	
535.193181	-463.806819	-143.573600	
535.397571	-464.000000	-143.590974	
535.706515	-464.293485	-143.617300	
536.000000	-464.572251	-143.642250	
536.219861	-464.780139	-143.660900	
536.452417	-465.000000	-143.680671	
536.733200	-465.266800	-143.704600	
537.000000	-465.520281	-143.727336	
537.246541	-465.753459	-143.748300	
537.507246	-466.000000	-143.770416	
537.759885	-466.240115	-143.791900	
538.000000	-466.468301	-143.812365	
538.273220	-466.726780	-143.835600	
538.562059	-467.000000	-143.860106	
538.786568	-467.213432	-143.879200	
539.000000	-467.416309	-143.897393	
539.299898	-467.700102	-143.922900	
539.616856	-468.000000	-143.949857	
539.813250	-468.186750	-143.966600	
540.000000	-468.364307	-143.982484	
540.326575	-468.673425	-144.010200	
540.671637	-469.000000	-144.039551	
540.839932	-469.160068	-144.053900	
541.000000	-469.312294	-144.067547	
541.353251	-469.646749	-144.097600	
541.726402	-470.000000	-144.129271	
541.866612	-470.133388	-144.141200	
542.000000	-470.260270	-144.152574	
542.379926	-470.620074	-144.184900	
542.781152	-471.000000	-144.218958	
542.893292	-471.106708	-144.228500	
543.000000	-471.208236	-144.237600	
543.406601	-471.593399	-144.272200	
543.835886	-472.000000	-144.308728	
543.919970	-472.080030	-144.315900	
544.000000	-472.156192	-144.322710	
544.433274	-472.566726	-144.359500	
544.890606	-473.000000	-144.398419	
544.946648	-473.053352	-144.403200	
545.000000	-473.104138	-144.407740	
545.459947	-473.540053	-144.446800	
545.945310	-474.000000	-144.488110	
545.973324	-474.026676	-144.490500	
546.000000	-474.052074	-144.492776	
546.486619	-474.513381	-144.534200	
547.000000	-475.000000	-144.577800	
